# r rdf(r)  n_part=3614 rho_ions=1.806642 rho_solvent=0 d0=0.4 d1=0.4 d=0.4 eps=10000 type=01 avg_count=999 rs=2.255095780325201 ldy=0.1773760580325848 box_l=10 lbj=0.7 volume_fraction=0.12108230901048878
0.014158 0.0
0.022475 0.0
0.030792 0.0
0.039108 0.0
0.047425 0.0
0.055742 0.0
0.064058 0.0
0.072375 0.0
0.080692 0.0
0.089008 0.0
0.097325 0.0
0.105642 0.0
0.113958 0.0
0.122275 0.0
0.130592 0.0
0.138908 0.0
0.147225 0.0
0.155542 0.0
0.163858 0.0
0.172175 0.0
0.180492 0.0
0.188808 0.0
0.197125 0.0
0.205442 0.0
0.213758 0.0
0.222075 0.0
0.230392 0.0
0.238708 0.0
0.247025 0.0
0.255342 0.0
0.263658 0.0
0.271975 0.0
0.280292 0.0
0.288608 0.0
0.296925 0.0
0.305242 0.0
0.313558 0.0
0.321875 0.0
0.330192 0.0
0.338508 0.0
0.346825 0.0
0.355142 0.0
0.363458 0.0
0.371775 0.0
0.380092 0.0
0.388408 0.0
0.396725 0.4238167289999999
0.405042 2.317254441999997
0.413358 2.2168043359999996
0.421675 2.130983808000007
0.429992 2.051585418
0.438308 1.9673326379999974
0.446625 1.9121861119999979
0.454942 1.839799952000001
0.463258 1.789629231999997
0.471575 1.7168781770000034
0.479892 1.6743650089999984
0.488208 1.6212610659999949
0.496525 1.5867916680000014
0.504842 1.538069805000001
0.513158 1.5006496579999973
0.521475 1.4685651349999953
0.529792 1.427122257999996
0.538108 1.392175153
0.546425 1.3653519039999995
0.554742 1.3316339969999953
0.563058 1.3076163850000004
0.571375 1.2789833320000032
0.579692 1.2580270110000018
0.588008 1.2364903909999987
0.596325 1.2194397500000136
0.604642 1.1955671180000134
0.612958 1.1811269240000004
0.621275 1.1575516780000024
0.629592 1.1389045940000007
0.637908 1.1336697629999979
0.646225 1.1128811660000029
0.654542 1.098986615
0.662858 1.0906634510000024
0.671175 1.0765384700000005
0.679492 1.070149540000001
0.687808 1.051692602000001
0.696125 1.0454293439999984
0.704442 1.0431293070000018
0.712758 1.0310416039999986
0.721075 1.0180641950000007
0.729392 1.0178884850000012
0.737708 1.011485004
0.746025 1.0063181939999997
0.754342 1.0054990280000007
0.762658 0.9967125339999979
0.770975 1.002355952000001
0.779292 0.9976892090000007
0.787608 0.9949317910000001
0.795925 0.9942730749999991
0.804242 0.9930253780000016
0.812558 0.9960583739999989
0.820875 0.994842745999999
0.829192 0.9917405900000005
0.837508 0.9958926580000002
0.845825 0.990093312
0.854142 0.9916163970000016
0.862458 0.9942636890000011
0.870775 0.992200575000001
0.879092 0.9946329589999995
0.887408 0.9892203389999995
0.895725 0.9935552260000021
0.904042 0.991138760999996
0.912358 0.9954674370000012
0.920675 0.9970828400000011
0.928992 0.994695199
0.937308 0.9910708290000002
0.945625 0.9934132439999998
0.953942 0.9940102709999986
0.962258 0.9928622239999982
0.970575 0.9898529319999978
0.978892 0.9934504680000009
0.987208 0.9930614380000028
0.995525 0.9964702139999968
1.003842 0.9913483140000006
1.012158 0.9896604690000007
1.020475 0.9925106300000001
1.028792 0.9923931820000005
1.037108 0.991111064999995
1.045425 0.9894678380000005
1.053742 0.9917906480000015
1.062058 0.9927219329999998
1.070375 0.9912257520000016
1.078692 0.9929465659999992
1.087008 0.9896355280000007
1.095325 0.9939796620000008
1.103642 0.990011784000001
1.111958 0.9924072590000006
1.120275 0.9935019860000002
1.128592 0.9937573710000002
1.136908 0.9926702309999993
1.145225 0.9965122930000001
1.153542 0.9942587249999993
1.161858 0.9947003510000006
1.170175 0.9932570360000013
1.178492 0.993774488999997
1.186808 0.9920619890000002
1.195125 0.9921349099999999
1.203442 0.9923781410000008
1.211758 0.9949959069999995
1.220075 0.9966195659999991
1.228392 0.9959197440000004
1.236708 0.9918010150000016
1.245025 0.9974145039999983
1.253342 0.9970148620000021
1.261658 0.9980081029999994
1.269975 0.998184962000001
1.278292 0.9973742549999995
1.286608 0.9990784919999993
1.294925 0.9977838000000002
1.303242 0.998614632000002
1.311558 0.999126137999999
1.319875 0.9981930599999983
1.328192 0.9987497809999993
1.336508 0.9987527699999982
1.344825 1.000114869000002
1.353142 1.0009872339999997
1.361458 1.0006159260000007
1.369775 1.0000142579999998
1.378092 1.0000747499999998
1.386408 0.9994002420000004
1.394725 1.0033570859999983
1.403042 1.002407424000001
1.411358 1.000829318
1.419675 0.9998459239999997
1.427992 1.0017289330000008
1.436308 1.0025625199999977
1.444625 1.0034972939999993
1.452942 1.0012453709999998
1.461258 1.0006798830000005
1.469575 1.0022150690000011
1.477892 1.0002177769999998
1.486208 1.0008079140000004
1.494525 1.0002025920000002
1.502842 1.0000332710000002
1.511158 0.9997672929999961
1.519475 1.0022661680000013
1.527792 1.0019862360000007
1.536108 1.0036654080000014
1.544425 0.9988067230000008
1.552742 1.0010691999999948
1.561058 1.001214979000001
1.569375 1.0026187780000024
1.577692 1.0026670170000007
1.586008 1.000591313
1.594325 0.9992339759999987
1.602642 1.0025582540000006
1.610958 1.0011978390000005
1.619275 1.002946187
1.627592 1.0008764510000017
1.635908 0.9995907179999998
1.644225 1.0006394539999994
1.652542 1.0011851360000006
1.660858 1.001875809000001
1.669175 1.000098706999999
1.677492 1.001933552
1.685808 0.9999653589999999
1.694125 0.9998263240000005
1.702442 0.9988880190000009
1.710758 1.0006240190000013
1.719075 0.9997006320000006
1.727392 0.9977292150000009
1.735708 1.0015603610000015
1.744025 0.9991535470000007
1.752342 0.9988103909999996
1.760658 1.0003859459999989
1.768975 0.9980698680000012
1.777292 0.998493683
1.785608 1.001033477000001
1.793925 1.000004982
1.802242 1.0006281680000009
1.810558 0.9994322359999999
1.818875 0.9997211920000012
1.827192 0.9989830790000004
1.835508 1.000457807999999
1.843825 1.0011447519999994
1.852142 0.998892637
1.860458 0.9992050289999997
1.868775 0.9989915250000004
1.877092 0.998284331
1.885408 1.001050051000001
1.893725 0.9995761570000007
1.902042 1.0002538500000007
1.910358 0.996960568
1.918675 0.999401878
1.926992 1.000199091999999
1.935308 1.000359728
1.943625 1.0006617190000007
1.951942 1.0010160730000008
1.960258 0.9994295050000003
1.968575 1.002078425
1.976892 0.9995546480000007
1.985208 1.000948244
1.993525 1.0001890129999993
2.001842 1.0003072679999994
2.010158 0.9991745600000012
2.018475 0.9982969689999996
2.026792 0.9994231870000005
2.035108 1.0008012259999988
2.043425 1.0018030289999988
2.051742 0.999649662
2.060058 0.9997949680000032
2.068375 1.000535183999998
2.076692 1.0009283839999994
2.085008 1.0004172970000007
2.093325 1.0004136940000001
2.101642 1.0013063100000004
2.109958 1.0014547670000002
2.118275 0.9994200919999996
2.126592 1.0006957709999986
2.134908 0.9986030659999992
2.143225 0.9998440810000014
2.151542 1.0002004850000012
2.159858 0.9997044989999996
2.168175 1.0008367200000008
2.176492 1.0018513510000002
2.184808 1.000275661000001
2.193125 0.9994773180000004
2.201442 0.9993112679999994
2.209758 0.9998749749999997
2.218075 0.9989428080000003
2.226392 1.0001137109999996
2.234708 1.0001058429999996
2.243025 1.0009343609999988
2.251342 1.0003502529999997
2.259658 1.0000317190000003
2.267975 1.0010017980000006
2.276292 0.9991519469999987
2.284608 1.000456031999999
2.292925 0.9991382119999997
2.301242 0.9998175109999996
2.309558 1.00147914
2.317875 1.0000618469999998
2.326192 1.0013322699999994
2.334508 1.0014209510000003
2.342825 1.0000656940000012
2.351142 1.0001246739999996
2.359458 1.0003901149999999
2.367775 1.0011430450000012
2.376092 0.9983750819999992
2.384408 1.0004235279999996
2.392725 1.0006591550000008
2.401042 1.000912772
2.409358 0.9997574000000009
2.417675 1.0007870720000003
2.425992 0.9987239690000003
2.434308 1.0017056779999993
2.442625 1.0010378379999998
2.450942 1.0012404409999993
2.459258 1.0002307639999994
2.467575 1.0019479119999992
2.475892 1.0000800930000016
2.484208 1.0008824190000007
2.492525 1.0000938640000019
2.500842 1.0011921560000003
2.509158 0.9998476220000012
2.517475 0.9999804320000003
2.525792 1.0002974350000011
2.534108 1.0004745909999997
2.542425 1.001451808000001
2.550742 0.9989324079999903
2.559058 1.000468758999997
2.567375 0.9994359709999996
2.575692 1.0010481350000004
2.584008 1.0007523350000007
2.592325 1.0005365119999996
2.600642 0.9999291080000001
2.608958 0.9999169369999996
2.617275 1.000217570000008
2.625592 1.0004939229999992
2.633908 0.9983298809999998
2.642225 1.0001573649999993
2.650542 1.0005917449999997
2.658858 1.0001198800000015
2.667175 0.9996689910000006
2.675492 0.9995040590000012
2.683808 0.9993642639999983
2.692125 1.0009073119999994
2.700442 0.9993190840000007
2.708758 0.9998325580000006
2.717075 1.0001892800000007
2.725392 0.9993149889999998
2.733708 0.9997322930000005
2.742025 1.0001199219999992
2.750342 1.0002723180000004
2.758658 0.9998159269999994
2.766975 0.9997622219999958
2.775292 1.0007218599999992
2.783608 0.9998444699999979
2.791925 1.000284559000001
2.800242 1.000627425
2.808558 1.0003785269999985
2.816875 0.9995477010000007
2.825192 1.000211681999998
2.833508 1.0003411689999993
2.841825 1.0002248730000005
2.850142 1.0010275320000006
2.858458 0.999238232
2.866775 0.9998874339999997
2.875092 1.0001150089999988
2.883408 1.0003127400000007
2.891725 1.0004219459999995
2.900042 1.0002245750000016
2.908358 0.9991955040000012
2.916675 1.0007805400000005
2.924992 1.0000167060000005
2.933308 0.9998997159999989
2.941625 1.0001499989999991
2.949942 0.9995713879999992
2.958258 0.999327711999999
2.966575 1.000723253
2.974892 0.999576749999999
2.983208 0.9992891420000003
2.991525 0.9995200870000003
2.999842 0.9994566499999997
3.008158 0.9991577670000007
3.016475 0.9993271820000004
3.024792 0.999615083
3.033108 0.9991334089999999
3.041425 0.999003186
3.049742 0.99908729799999
3.058058 0.9997601840000012
3.066375 0.9988244529999998
3.074692 1.0005443720000011
3.083008 0.9997401679999993
3.091325 1.0004418569999998
3.099642 0.9998390609999991
3.107958 1.000294202
3.116275 0.999496344000001
3.124592 0.9999669410000014
3.132908 1.000322316
3.141225 1.001119025000001
3.149542 0.9990846059999987
3.157858 0.999945454
3.166175 0.9993783370000012
3.174492 1.001443457000002
3.182808 0.9998679399999987
3.191125 1.0005584600000004
3.199442 0.9999970690000013
3.207758 0.9996051829999993
3.216075 0.9991744830000002
3.224392 1.0005521130000012
3.232708 0.9996584380000013
3.241025 1.0009755379999994
3.249342 0.9997010139999988
3.257658 0.9993445850000001
3.265975 0.9995169640000003
3.274292 1.000311589
3.282608 1.0002684069999992
3.290925 0.9989122250000011
3.299242 0.9998840480000013
3.307558 0.9992847270000014
3.315875 1.0002067850000012
3.324192 0.9992627349999995
3.332508 1.0003114999999991
3.340825 0.9996374489999995
3.349142 0.9997041050000004
3.357458 1.0000760550000003
3.365775 0.9999833029999992
3.374092 0.9999766040000005
3.382408 0.9996382570000002
3.390725 0.9995743339999996
3.399042 0.9988277320000005
3.407358 0.9995234820000012
3.415675 1.000422630000002
3.423992 0.9995396060000002
3.432308 1.0005259229999997
3.440625 0.9996646960000005
3.448942 0.9995056440000001
3.457258 0.9994922490000024
3.465575 1.0002094369999994
3.473892 0.9992959679999996
3.482208 1.0007711099999994
3.490525 0.9987821449999997
3.498842 0.9999040459999987
3.507158 1.000947835999999
3.515475 0.9999060240000002
3.523792 1.0000142569999995
3.532108 0.9994634070000006
3.540425 0.9991457779999996
3.548742 1.0002090359999998
3.557058 0.9989662660000004
3.565375 0.9998728840000007
3.573692 1.0005833399999997
3.582008 0.9988290150000017
3.590325 1.0002057689999997
3.598642 0.9994291830000008
3.606958 0.9995502489999879
3.615275 1.001217875
3.623592 1.0001531949999993
3.631908 1.0010860560000014
3.640225 1.000873673
3.648542 1.0000133679999994
3.656858 1.0002676439999998
3.665175 1.0002595609999996
3.673492 1.0010184760000003
3.681808 1.0009360919999992
3.690125 1.0007249850000006
3.698442 1.000222747000001
3.706758 1.00047968
3.715075 1.0012485399999997
3.723392 1.0001347459999987
3.731708 1.0004036660000002
3.740025 0.9994997029999991
3.748342 1.0000309249999992
3.756658 1.0008167719999999
3.764975 1.0002529359999996
3.773292 1.0006105319999992
3.781608 1.000741765
3.789925 1.001003811999999
3.798242 1.0007857669999995
3.806558 1.000747755999999
3.814875 1.0010124389999997
3.823192 1.0005803270000004
3.831508 1.0006196299999999
3.839825 1.000082707
3.848142 1.0007060810000008
3.856458 1.000261049999999
3.864775 1.0005227180000003
3.873092 1.0003239959999997
3.881408 1.0013191329999998
3.889725 1.0003599920000004
3.898042 1.0001017030000003
3.906358 0.9999809559999998
3.914675 1.0002097960000007
3.922992 1.0002070059999997
3.931308 1.0006592729999995
3.939625 0.9997945179999994
3.947942 0.9990793470000005
3.956258 0.9994275459999999
3.964575 0.9997077569999991
3.972892 1.0005531000000008
3.981208 0.9992144090000018
3.989525 0.9995541279999989
3.997842 1.0003271610000002
4.006158 0.9993320129999996
4.014475 0.9996365509999992
4.022792 0.9995831240000006
4.031108 0.9998800930000012
4.039425 0.9999540989999999
4.047742 1.000097544
4.056058 0.999664453
4.064375 0.9997413070000001
4.072692 0.9997938100000017
4.081008 0.9993518149999991
4.089325 0.9993344630000008
4.097642 1.000161762
4.105958 1.0002630490000015
4.114275 0.9998799789999999
4.122592 1.000075646999999
4.130908 0.9998749430000003
4.139225 0.9993687589999997
4.147542 0.9998183799999995
4.155858 0.9986406250000002
4.164175 0.9994993089999996
4.172492 0.9995645630000004
4.180808 0.999693973
4.189125 0.9997620820000013
4.197442 0.9998347569999998
4.205758 0.999883494
4.214075 1.000361261000002
4.222392 0.9991663270000006
4.230708 0.9994915489999994
4.239025 0.9994911299999993
4.247342 0.9999981429999996
4.255658 0.9999710910000008
4.263975 1.000194209
4.272292 0.9996651620000017
4.280608 1.0006965599999988
4.288925 0.9998360029999999
4.297242 1.000393907
4.305558 0.9997476940000012
4.313875 1.0000044209999983
4.322192 1.0000038190000002
4.330508 1.000133796000001
4.338825 1.0005479180000012
4.347142 1.0004528690000007
4.355458 0.9999147080000004
4.363775 1.000340853
4.372092 1.000111584
4.380408 0.9997781859999999
4.388725 1.0006067509999998
4.397042 0.9996852470000003
4.405358 0.9999142990000012
4.413675 0.9994750470000012
4.421992 1.0000582869999999
4.430308 0.9998697210000007
4.438625 1.000124579
4.446942 0.9997266930000002
4.455258 1.0002241739999986
4.463575 0.9995084640000004
4.471892 1.000385164
4.480208 1.000169902000001
4.488525 1.000069058000001
4.496842 0.9998532989999986
4.505158 1.000313601
4.513475 0.9991994329999999
4.521792 1.000239302
4.530108 0.9996969389999996
4.538425 0.9999127200000006
4.546742 0.9999280639999999
4.555058 0.9997596839999999
4.563375 0.9998068719999976
4.571692 0.9998598669999997
4.580008 0.9997520790000013
4.588325 1.000040353
4.596642 1.0004863949999994
4.604958 1.000034289
4.613275 0.9997798430000012
4.621592 0.9994144280000004
4.629908 0.9999368839999997
4.638225 0.9998193149999997
4.646542 0.9998342300000004
4.654858 0.9995647429999995
4.663175 0.999746799
4.671492 1.000074476
4.679808 1.0004047449999998
4.688125 1.0004025189999992
4.696442 0.9999835320000005
4.704758 0.9998940149999996
4.713075 0.9999860120000016
4.721392 0.9996764779999995
4.729708 0.9999131609999986
4.738025 0.9992504599999996
4.746342 1.0002858619999986
4.754658 0.999929604
4.762975 1.000076493
4.771292 0.9995304439999989
4.779608 0.9997575409999993
4.787925 1.0000959400000011
4.796242 1.0002291419999998
4.804558 0.9995337239999997
4.812875 0.9999439539999984
4.821192 0.999857507000002
4.829508 1.0001707419999997
4.837825 0.9999203070000002
4.846142 0.9996500590000006
4.854458 0.9995376099999989
4.862775 0.999764316
4.871092 0.9998316549999993
4.879408 0.9993111179999997
4.887725 1.0003567219999998
4.896042 0.9998780089999996
4.904358 0.9998995599999996
4.912675 1.000591329
4.920992 0.9999218879999989
4.929308 0.9996131630000008
4.937625 0.9997161189999998
4.945942 0.9994880119999999
4.954258 0.9993020949999993
4.962575 1.000097412000001
4.970892 1.0001625400000014
4.979208 0.9994937049999991
4.987525 0.999869609
4.995842 0.9996606159999998
