# r rdf(r)  n_part=3614 rho_ions=1.806642 rho_solvent=0 d0=0.4 d1=0.4 d=0.4 eps=10000 type=11 avg_count=999 rs=2.255095780325201 ldy=0.1773760580325848 box_l=10 lbj=0.7 volume_fraction=0.12108230901048878
0.014158 0.0
0.022475 0.0
0.030792 0.0
0.039108 0.0
0.047425 0.0
0.055742 0.0
0.064058 0.0
0.072375 0.0
0.080692 0.0
0.089008 0.0
0.097325 0.0
0.105642 0.0
0.113958 0.0
0.122275 0.0
0.130592 0.0
0.138908 0.0
0.147225 0.0
0.155542 0.0
0.163858 0.0
0.172175 0.0
0.180492 0.0
0.188808 0.0
0.197125 0.0
0.205442 0.0
0.213758 0.0
0.222075 0.0
0.230392 0.0
0.238708 0.0
0.247025 0.0
0.255342 0.0
0.263658 0.0
0.271975 0.0
0.280292 0.0
0.288608 0.0
0.296925 0.0
0.305242 0.0
0.313558 0.0
0.321875 0.0
0.330192 0.0
0.338508 0.0
0.346825 0.0
0.355142 0.0
0.363458 0.0
0.371775 0.0
0.380092 0.0
0.388408 0.0
0.396725 0.1327070649999998
0.405042 0.7281384200000003
0.413358 0.7321142310000002
0.421675 0.7481403240000009
0.429992 0.7564920609999989
0.438308 0.7664546830000011
0.446625 0.7730998329999998
0.454942 0.782292735999999
0.463258 0.7938578059999986
0.471575 0.8001197419999991
0.479892 0.8026735850000003
0.488208 0.8136195520000001
0.496525 0.8178461909999986
0.504842 0.8278429709999995
0.513158 0.8300424680000008
0.521475 0.8321992010000002
0.529792 0.8427541290000036
0.538108 0.8512315239999995
0.546425 0.8398539310000013
0.554742 0.8509318329999994
0.563058 0.8558517150000011
0.571375 0.8672934059999996
0.579692 0.8646433989999992
0.588008 0.8699359869999996
0.596325 0.8731643920000006
0.604642 0.8729841060000014
0.612958 0.8795620560000025
0.621275 0.8878473700000005
0.629592 0.8826388099999971
0.637908 0.8839694449999976
0.646225 0.8877900259999997
0.654542 0.8917208810000042
0.662858 0.9045582519999993
0.671175 0.8987080439999999
0.679492 0.9047590320000014
0.687808 0.910479608000001
0.696125 0.9075021010000018
0.704442 0.9152227859999975
0.712758 0.9173056789999972
0.721075 0.924023057000002
0.729392 0.9284888430000012
0.737708 0.9324548220000001
0.746025 0.9378053910000059
0.754342 0.944240350000001
0.762658 0.944033373
0.770975 0.9555131539999977
0.779292 0.952859151999998
0.787608 0.9637346260000005
0.795925 0.9746443860000018
0.804242 0.9817440040000021
0.812558 0.9819734140000013
0.820875 0.9948018519999997
0.829192 0.9934197570000018
0.837508 0.9951733029999957
0.845825 0.9985021460000002
0.854142 1.001625784000002
0.862458 1.0067694460000012
0.870775 1.0083021740000002
0.879092 1.0123969320000012
0.887408 1.0182541960000013
0.895725 1.0120848779999987
0.904042 1.0144929540000016
0.912358 1.0147081559999995
0.920675 1.015158159
0.928992 1.016523567999999
0.937308 1.0147171389999994
0.945625 1.0142726320000017
0.953942 1.0172914629999992
0.962258 1.01764215
0.970575 1.0185594750000004
0.978892 1.0205412139999996
0.987208 1.016264994
0.995525 1.013532845999999
1.003842 1.0190029470000004
1.012158 1.0162008869999988
1.020475 1.0156969039999997
1.028792 1.0126053780000006
1.037108 1.0124913669999995
1.045425 1.0110563820000003
1.053742 1.0144094909999997
1.062058 1.0115294419999994
1.070375 1.0129973860000059
1.078692 1.0140832470000012
1.087008 1.0089032069999997
1.095325 1.0077757870000006
1.103642 1.0075353519999994
1.111958 1.0100301039999995
1.120275 1.0033689179999998
1.128592 1.0051404199999996
1.136908 1.006997891000003
1.145225 1.0044346280000005
1.153542 1.0062912680000005
1.161858 1.0047774409999994
1.170175 1.0017616429999991
1.178492 1.0057352590000004
1.186808 1.0012354849999998
1.195125 1.0036974059999992
1.203442 1.0058418029999998
1.211758 1.0046222599999988
1.220075 0.9999466620000005
1.228392 1.0011266290000003
1.236708 1.0025985860000006
1.245025 1.0026937159999987
1.253342 1.0039708349999987
1.261658 1.0041510630000001
1.269975 1.0042804949999968
1.278292 1.0014003809999992
1.286608 1.0017978960000007
1.294925 1.0013402680000023
1.303242 1.000947368
1.311558 1.0019156189999987
1.319875 1.0014302610000014
1.328192 1.0004330119999996
1.336508 1.0032468549999995
1.344825 1.003570571
1.353142 0.998212329
1.361458 1.000736533999999
1.369775 0.9984537289999996
1.378092 0.9988855319999979
1.386408 1.001517157000003
1.394725 1.0010488689999997
1.403042 1.001295785
1.411358 1.0028274770000003
1.419675 1.001269492000001
1.427992 1.0024259720000004
1.436308 1.0024283309999982
1.444625 1.0021647079999974
1.452942 1.0016053260000009
1.461258 1.0004362580000044
1.469575 1.0011164390000022
1.477892 1.0009931149999984
1.486208 1.0031752960000007
1.494525 1.0032491669999994
1.502842 1.0006039189999996
1.511158 1.0015098290000013
1.519475 0.9976424090000001
1.527792 1.0011504790000003
1.536108 1.0011445529999987
1.544425 1.0010954349999988
1.552742 1.0022838140000025
1.561058 0.9998119109999998
1.569375 1.0025573019999972
1.577692 0.9999828980000006
1.586008 0.9998713499999988
1.594325 1.0005520229999993
1.602642 0.9999524650000002
1.610958 0.9991898670000001
1.619275 1.0007943580000065
1.627592 1.0004212350000001
1.635908 1.0018598770000013
1.644225 0.999721827999999
1.652542 0.9994547730000005
1.660858 1.0013814480000003
1.669175 0.9997011659999998
1.677492 1.0008639360000016
1.685808 0.9999949710000002
1.694125 0.9988046670000021
1.702442 1.0024638549999996
1.710758 0.9996031989999995
1.719075 1.0011421740000008
1.727392 0.9994784750000012
1.735708 0.9985870040000004
1.744025 0.9990204440000011
1.752342 0.9985375439999996
1.760658 0.9957510299999935
1.768975 1.0000054899999997
1.777292 0.9992414899999997
1.785608 1.000925679
1.793925 0.9990955199999996
1.802242 1.000675805000001
1.810558 1.000753928
1.818875 1.0005317469999997
1.827192 1.0003476740000075
1.835508 1.00132856
1.843825 1.0023304110000009
1.852142 1.0014414459999985
1.860458 0.9990645509999974
1.868775 1.002330322999999
1.877092 1.0030127180000001
1.885408 1.0017701200000022
1.893725 0.9996865220000009
1.902042 1.0039029599999991
1.910358 1.002686519
1.918675 1.0006059629999962
1.926992 0.9996451190000004
1.935308 1.0010795950000013
1.943625 1.0009161960000004
1.951942 1.0023183740000006
1.960258 1.0005323059999998
1.968575 0.9997756449999997
1.976892 1.0019882310000006
1.985208 1.0003612590000013
1.993525 1.0014975649999993
2.001842 1.001142088000001
2.010158 0.9981285390000003
2.018475 1.0006790839999997
2.026792 1.000076275000001
2.035108 1.0011181810000003
2.043425 1.0013964720000001
2.051742 1.0013976409999994
2.060058 1.0002691870000002
2.068375 1.000162618999999
2.076692 1.0011365529999985
2.085008 1.0005213939999997
2.093325 1.0011729979999981
2.101642 1.0003890579999994
2.109958 1.0021245260000025
2.118275 1.0020899520000004
2.126592 0.9972354070000014
2.134908 1.0002367410000021
2.143225 1.000249620000001
2.151542 0.9992683750000001
2.159858 1.0004962579999992
2.168175 1.0023083530000005
2.176492 0.9997953750000012
2.184808 1.0014032469999998
2.193125 1.0013108969999995
2.201442 1.0000334139999998
2.209758 1.0017574009999999
2.218075 1.0000913029999996
2.226392 0.9992726900000006
2.234708 1.0024074399999996
2.243025 1.002143045
2.251342 1.0011818260000005
2.259658 0.9996954039999993
2.267975 1.0001361590000009
2.276292 1.0008380260000003
2.284608 1.0003999430000006
2.292925 1.0030035190000008
2.301242 1.0007487180000003
2.309558 1.0005517279999991
2.317875 0.9996048839999998
2.326192 1.0006605280000003
2.334508 1.0000166310000003
2.342825 1.000019019000001
2.351142 1.0021508680000006
2.359458 1.002863751
2.367775 1.0006550950000006
2.376092 1.0017982179999994
2.384408 1.0018118950000001
2.392725 0.999753667000001
2.401042 0.9995928360000015
2.409358 0.9988224900000006
2.417675 1.0004277360000002
2.425992 0.9996092620000004
2.434308 1.0010139920000012
2.442625 0.9979900330000001
2.450942 0.999485174999999
2.459258 0.9994489779999993
2.467575 1.001616209
2.475892 0.9989439950000001
2.484208 0.9994074389999986
2.492525 0.9998528830000012
2.500842 1.0005674979999999
2.509158 0.9992258130000002
2.517475 0.9997027780000001
2.525792 0.9997289489999999
2.534108 1.0001067370000007
2.542425 0.9998993709999983
2.550742 1.0008369889999997
2.559058 1.001911447000001
2.567375 1.0020480139999994
2.575692 1.0004639509999997
2.584008 1.0021166220000013
2.592325 1.0016524499999993
2.600642 1.001917696
2.608958 1.0010064690000005
2.617275 0.9999076649999994
2.625592 1.0010057890000004
2.633908 1.000313662000001
2.642225 1.0003428550000018
2.650542 0.9991917569999998
2.658858 1.000188782999999
2.667175 1.0015504939999986
2.675492 0.9991018850000005
2.683808 1.0001382909999994
2.692125 1.000921063000001
2.700442 1.0005141059999998
2.708758 1.0005464089999971
2.717075 0.9994348700000009
2.725392 0.9991479090000001
2.733708 0.998610583000001
2.742025 0.9996266280000004
2.750342 1.000517629000001
2.758658 1.0005945310000002
2.766975 0.9999117660000013
2.775292 1.0007411299999993
2.783608 1.000579348999999
2.791925 1.0003513160000006
2.800242 1.0004373799999993
2.808558 1.0012141150000016
2.816875 0.9991300940000003
2.825192 1.0009337649999992
2.833508 0.9984987500000007
2.841825 1.0013065660000013
2.850142 1.000561478
2.858458 1.0019151400000017
2.866775 1.0018699219999991
2.875092 1.000810369000001
2.883408 1.0011589800000003
2.891725 1.001602809999999
2.900042 1.0016785589999997
2.908358 1.0019006589999984
2.916675 1.00234728
2.924992 1.0011297369999996
2.933308 1.0017369810000012
2.941625 1.000899637999999
2.949942 1.0016945709999998
2.958258 1.0003983289999991
2.966575 1.002000659
2.974892 1.000809710999999
2.983208 1.0012400210000003
2.991525 0.9994765959999987
2.999842 1.0010255930000005
3.008158 1.000880052000001
3.016475 0.9998521659999998
3.024792 1.0007226490000005
3.033108 1.0015513869999992
3.041425 1.0003927840000013
3.049742 1.0005055310000124
3.058058 1.000244797000001
3.066375 1.0014932690000005
3.074692 0.999873962
3.083008 0.9993710830000001
3.091325 0.9991604500000001
3.099642 1.000426885
3.107958 1.0005132879999994
3.116275 1.0014606649999998
3.124592 1.0006131319999996
3.132908 1.001171047000001
3.141225 1.0018653189999993
3.149542 1.0007961959999998
3.157858 1.001396196999999
3.166175 1.0017561689999999
3.174492 1.0020963299999996
3.182808 1.001395777
3.191125 1.0006745619999995
3.199442 1.001748844000002
3.207758 1.002288056000001
3.216075 1.0009957209999982
3.224392 1.0006525889999995
3.232708 1.0027608719999996
3.241025 1.0002115080000007
3.249342 0.9994300579999993
3.257658 0.9997691690000019
3.265975 1.0011869460000007
3.274292 1.0001560619999998
3.282608 1.0018317509999992
3.290925 1.0011311020000007
3.299242 0.9997567419999994
3.307558 1.0006198200000007
3.315875 0.9997401390000012
3.324192 1.0004819870000006
3.332508 1.0005762919999992
3.340825 1.000780170000004
3.349142 1.0008860590000006
3.357458 1.0002430289999993
3.365775 1.0009218620000002
3.374092 1.000898889000002
3.382408 1.001468797000001
3.390725 0.9996075599999993
3.399042 1.000137537
3.407358 1.0017676610000006
3.415675 1.0019134579999984
3.423992 1.0012957560000015
3.432308 0.9999803889999997
3.440625 1.0001392020000102
3.448942 1.0006605110000009
3.457258 0.9999794479999997
3.465575 0.9995843690000016
3.473892 0.9998653199999995
3.482208 1.0004276489999986
3.490525 0.9998701269999997
3.498842 1.0018506449999995
3.507158 1.0015828659999997
3.515475 0.9999133020000014
3.523792 0.9996192699999993
3.532108 1.001383667
3.540425 0.999234221
3.548742 1.00059825
3.557058 1.0006928810000009
3.565375 0.9999587479999996
3.573692 0.9999199069999998
3.582008 0.9987577829999996
3.590325 1.0008883170000007
3.598642 0.9987484099999998
3.606958 1.0010937420000006
3.615275 1.0000900279999996
3.623592 1.0007976389999995
3.631908 0.9998079190000004
3.640225 1.0005988030000013
3.648542 1.0006831720000005
3.656858 1.0005138860000007
3.665175 1.000967069999999
3.673492 1.0001239740000014
3.681808 1.000397378
3.690125 0.9993554790000018
3.698442 1.0002012339999997
3.706758 1.0000175020000006
3.715075 1.000266368
3.723392 1.000619816000001
3.731708 1.0010914969999998
3.740025 0.9999820800000003
3.748342 1.0006923499999991
3.756658 0.9999667049999992
3.764975 0.9996964539999996
3.773292 0.9997207860000001
3.781608 0.9997852510000009
3.789925 1.0013508899999972
3.798242 1.0005816389999997
3.806558 1.0009783130000014
3.814875 1.001627548999998
3.823192 0.9995428719999988
3.831508 1.000652380999999
3.839825 1.0005159519999987
3.848142 1.0013065370000003
3.856458 1.000087409000001
3.864775 1.0008931769999998
3.873092 1.0005198240000013
3.881408 0.9991109609999999
3.889725 0.9992269629999988
3.898042 1.000582515999999
3.906358 0.999318983
3.914675 1.000199976000002
3.922992 0.999783482
3.931308 1.0007020590000015
3.939625 1.000204539000001
3.947942 1.0011647429999997
3.956258 0.9999488999999999
3.964575 1.0003297479999986
3.972892 1.0015003940000002
3.981208 1.000408648000001
3.989525 1.0010680850000018
3.997842 1.0007396340000003
4.006158 1.0004710749999999
4.014475 0.9996080749999996
4.022792 0.9998517679999991
4.031108 1.000047829000001
4.039425 0.999707966999999
4.047742 1.0001022680000005
4.056058 1.0004728100000007
4.064375 1.0001084959999997
4.072692 1.000499629
4.081008 1.0001785770000007
4.089325 1.0009273649999988
4.097642 1.0006643910000002
4.105958 1.0004976030000012
4.114275 1.0002107040000003
4.122592 1.000360641999999
4.130908 1.0005655150000015
4.139225 1.0001493719999996
4.147542 0.9989608909999993
4.155858 1.0008027979999996
4.164175 0.9998882329999995
4.172492 1.000745700000001
4.180808 1.0008953420000017
4.189125 1.00075156
4.197442 1.0009974559999986
4.205758 1.0001451839999986
4.214075 1.0006272500000035
4.222392 1.0012776330000013
4.230708 1.0009706460000032
4.239025 1.0004215279999997
4.247342 1.0010017329999998
4.255658 1.0014331870000002
4.263975 1.0009605679999998
4.272292 1.0008319979999993
4.280608 1.0015404340000014
4.288925 1.0009661310000002
4.297242 0.9999969249999993
4.305558 1.0006254950000002
4.313875 1.001254397999992
4.322192 1.001360003999999
4.330508 1.0008511089999992
4.338825 1.000616929
4.347142 1.0017903580000016
4.355458 1.0010099689999996
4.363775 1.0020469270000003
4.372092 1.0008056829999994
4.380408 1.001242627000001
4.388725 1.0002393599999995
4.397042 1.0016941740000003
4.405358 1.0015681120000004
4.413675 1.0012173269999995
4.421992 1.0010285660000007
4.430308 1.0011828209999996
4.438625 1.0002439480000003
4.446942 1.0006193470000007
4.455258 1.0001483150000008
4.463575 1.000310769999999
4.471892 1.0007536399999994
4.480208 0.999462958000001
4.488525 1.0008955449999997
4.496842 1.0007850699999998
4.505158 0.999925492
4.513475 1.0001722509999995
4.521792 1.0001626219999995
4.530108 1.0007021270000016
4.538425 1.0005704429999998
4.546742 1.0001048389999998
4.555058 1.000872995999999
4.563375 1.000854526
4.571692 1.0009373140000006
4.580008 1.0000070789999993
4.588325 1.0010184190000004
4.596642 1.0004991929999993
4.604958 1.0009845820000003
4.613275 0.9999924650000009
4.621592 1.0003750950000003
4.629908 0.9997555019999986
4.638225 0.9999429499999999
4.646542 1.0003399100000012
4.654858 1.0005885619999997
4.663175 0.9998561030000002
4.671492 0.9994828760000016
4.679808 1.0001839519999989
4.688125 1.0004561810000014
4.696442 0.9999899330000007
4.704758 0.9998216719999992
4.713075 1.0001053089999994
4.721392 1.000549133999999
4.729708 1.0006032639999995
4.738025 1.0000947600000003
4.746342 0.9998205259999999
4.754658 1.0001181779999988
4.762975 1.0007062339999995
4.771292 1.0002707689999992
4.779608 0.9996849210000013
4.787925 1.0007188990000007
4.796242 1.0004207519999997
4.804558 0.9999896290000004
4.812875 0.9999992960000005
4.821192 1.0011013819999985
4.829508 1.0003337539999986
4.837825 1.000973081000001
4.846142 1.0007224580000005
4.854458 1.0004841150000023
4.862775 1.0006551730000004
4.871092 1.0004751970000003
4.879408 1.0006899109999998
4.887725 1.000132513999999
4.896042 1.0011355559999986
4.904358 1.0013093249999996
4.912675 1.001238317
4.920992 1.0013531030000005
4.929308 1.0008918740000003
4.937625 0.9996283399999989
4.945942 1.0007602270000011
4.954258 1.0007877969999999
4.962575 1.0000551829999997
4.970892 0.9996994429999997
4.979208 1.0001532069999999
4.987525 0.9999541390000012
4.995842 1.0005355530000006
