# r rdf(r)  n_part=4818 rho_ions=2.408856 rho_solvent=0 d0=0.4 d1=0.4 d=0.4 eps=10000 type=00 avg_count=1999 rs=3.001420295523498 ldy=0.13327023895873047 box_l=10 lbj=0.93 volume_fraction=0.16144307868065172
0.014158 0.0
0.022475 0.0
0.030792 0.0
0.039108 0.0
0.047425 0.0
0.055742 0.0
0.064058 0.0
0.072375 0.0
0.080692 0.0
0.089008 0.0
0.097325 0.0
0.105642 0.0
0.113958 0.0
0.122275 0.0
0.130592 0.0
0.138908 0.0
0.147225 0.0
0.155542 0.0
0.163858 0.0
0.172175 0.0
0.180492 0.0
0.188808 0.0
0.197125 0.0
0.205442 0.0
0.213758 0.0
0.222075 0.0
0.230392 0.0
0.238708 0.0
0.247025 0.0
0.255342 0.0
0.263658 0.0
0.271975 0.0
0.280292 0.0
0.288608 0.0
0.296925 0.0
0.305242 0.0
0.313558 0.0
0.321875 0.0
0.330192 0.0
0.338508 0.0
0.346825 0.0
0.355142 0.0
0.363458 0.0
0.371775 0.0
0.380092 0.0
0.388408 0.0
0.396725 0.13348101899999837
0.405042 0.7498270455000026
0.413358 0.7681582445
0.421675 0.7768305184999992
0.429992 0.7863157670000015
0.438308 0.7972840494999861
0.446625 0.8056742544999941
0.454942 0.8171872609999993
0.463258 0.8267390730000008
0.471575 0.8299450104999944
0.479892 0.8390949409999995
0.488208 0.844515296500011
0.496525 0.8492920695000077
0.504842 0.856579512500004
0.513158 0.8600647024999987
0.521475 0.8668725910000076
0.529792 0.865480791500005
0.538108 0.8744751269999944
0.546425 0.8779509865000023
0.554742 0.8822150844999975
0.563058 0.8851904340000004
0.571375 0.8873928065000082
0.579692 0.8913042005000016
0.588008 0.8960005090000023
0.596325 0.8961193770000014
0.604642 0.9004902544999995
0.612958 0.9029038080000035
0.621275 0.9038193695000002
0.629592 0.9099269284999947
0.637908 0.9123100455000037
0.646225 0.9176627159999977
0.654542 0.9206948360000012
0.662858 0.9243642719999984
0.671175 0.924208863999997
0.679492 0.9303682385000023
0.687808 0.9365923235000017
0.696125 0.9384123075000013
0.704442 0.9424251290000047
0.712758 0.945285238500001
0.721075 0.9506471295000022
0.729392 0.9543790984999971
0.737708 0.9615695205000009
0.746025 0.9676496239999978
0.754342 0.9726786319999956
0.762658 0.9793153549999993
0.770975 0.9887456189999988
0.779292 0.9942609789999981
0.787608 1.0019270730000007
0.795925 1.0119997574999997
0.804242 1.0180388445000024
0.812558 1.0245769015000021
0.820875 1.0297268555000059
0.829192 1.0320636615000025
0.837508 1.0377147430000015
0.845825 1.0407040955000058
0.854142 1.0419496489999975
0.862458 1.0407363089999995
0.870775 1.0430597700000008
0.879092 1.0423453030000014
0.887408 1.044746099999997
0.895725 1.0433135184999984
0.904042 1.0441784325000014
0.912358 1.040086732999996
0.920675 1.041873852999999
0.928992 1.037280094999999
0.937308 1.0370239034999986
0.945625 1.0347302445000033
0.953942 1.0352011409999953
0.962258 1.0329930695000002
0.970575 1.0301283175000004
0.978892 1.0270088624999991
0.987208 1.0274680350000003
0.995525 1.0253101805000033
1.003842 1.0242102595000042
1.012158 1.020687792999999
1.020475 1.0197445309999997
1.028792 1.0173002960000022
1.037108 1.0156602635000012
1.045425 1.0146995579999984
1.053742 1.0121451509999992
1.062058 1.0106310330000006
1.070375 1.008956654499998
1.078692 1.0086141480000028
1.087008 1.0051556024999941
1.095325 1.0067009185000027
1.103642 1.0043805154999936
1.111958 1.001989973499998
1.120275 1.0013902884999972
1.128592 1.0035004900000002
1.136908 1.001695251499999
1.145225 1.000149571999998
1.153542 1.0002535864999984
1.161858 0.9975859524999989
1.170175 0.9976188525000038
1.178492 0.998457633499995
1.186808 0.9997371355000011
1.195125 0.9955179715000001
1.203442 0.9975881105000007
1.211758 0.996408556999998
1.220075 0.9974820220000017
1.228392 0.9960510489999995
1.236708 0.9957038635000021
1.245025 0.9973201490000002
1.253342 0.9967646949999972
1.261658 0.9973962124999984
1.269975 0.9965430355000118
1.278292 0.997617176
1.286608 0.9958949524999984
1.294925 0.997543985
1.303242 0.996208870000004
1.311558 0.9969982374999943
1.319875 0.9962228999999986
1.328192 0.9979919090000028
1.336508 0.9971742829999972
1.344825 0.9986043120000021
1.353142 0.9964439620000003
1.361458 0.9973059850000013
1.369775 0.9975804925000007
1.378092 0.9969523669999992
1.386408 0.9992993304999971
1.394725 0.9970297039999982
1.403042 0.997890772999999
1.411358 0.9982954919999953
1.419675 0.9987188370000024
1.427992 0.9982598380000005
1.436308 0.9983696275000009
1.444625 0.9991268540000009
1.452942 0.9981691134999963
1.461258 1.0001247000000013
1.469575 0.9996900554999993
1.477892 0.9990930864999981
1.486208 0.9990770995000006
1.494525 0.9988378709999995
1.502842 0.9996170269999973
1.511158 0.9993536075000009
1.519475 1.0003669950000005
1.527792 0.9985000264999996
1.536108 0.9998044475000003
1.544425 1.0009351264999986
1.552742 1.0007316140000002
1.561058 1.0010286854999975
1.569375 0.9995345609999962
1.577692 0.9997253629999989
1.586008 0.9996965459999981
1.594325 1.0003004764999999
1.602642 0.9998644769999986
1.610958 1.0010379519999995
1.619275 1.001976723500001
1.627592 1.0006792234999993
1.635908 1.0006342364999974
1.644225 1.0013231625000008
1.652542 1.000899606500001
1.660858 1.000962316500001
1.669175 1.000490364500004
1.677492 1.001298645500002
1.685808 1.0004038225
1.694125 1.0016897505000024
1.702442 1.0020981650000014
1.710758 1.0021599284999987
1.719075 1.0004438795000004
1.727392 0.9998690895000021
1.735708 1.0016279115000006
1.744025 1.0008484415000036
1.752342 1.0012526715000007
1.760658 0.9998650379999993
1.768975 0.9995429894999994
1.777292 1.0012150189999987
1.785608 1.0006206380000024
1.793925 1.0011177409999983
1.802242 1.000164558499998
1.810558 0.9998944259999962
1.818875 1.000431612500001
1.827192 0.9996295695000009
1.835508 1.0011607819999988
1.843825 0.9999649509999985
1.852142 1.0002249175000024
1.860458 0.9999708670000075
1.868775 1.000684922500001
1.877092 0.9993813584999997
1.885408 1.0004018520000006
1.893725 1.0008098500000011
1.902042 1.0004215130000043
1.910358 1.0008544364999992
1.918675 1.0002161855
1.926992 1.0010099955000007
1.935308 0.999542411999999
1.943625 1.0002726805000015
1.951942 0.9993112714999981
1.960258 1.0006287864999999
1.968575 0.9999896584999972
1.976892 1.0005823130000013
1.985208 0.9994822174999998
1.993525 0.9999726530000003
2.001842 0.9994519485000012
2.010158 0.9999432954999966
2.018475 1.0005812980000015
2.026792 1.0000126825000013
2.035108 0.9991802120000007
2.043425 1.0003506439999994
2.051742 0.9996199990000019
2.060058 0.9998395729999975
2.068375 1.0006942699999861
2.076692 1.0002414639999984
2.085008 1.0003813625000022
2.093325 1.000625986999999
2.101642 0.9996269329999999
2.109958 1.000297952999999
2.118275 1.000219630500002
2.126592 1.0003607154999998
2.134908 0.9996246090000004
2.143225 0.9998970010000013
2.151542 1.0012175684999993
2.159858 0.9998196680000002
2.168175 1.000304970000002
2.176492 1.0013699619999943
2.184808 1.000985452500006
2.193125 1.0008903805000007
2.201442 0.999990795
2.209758 1.0004049200000003
2.218075 1.0000541899999995
2.226392 1.0006188405000052
2.234708 1.000943621500001
2.243025 1.0008406745000022
2.251342 1.0008076269999988
2.259658 1.0004643044999983
2.267975 1.0006115299999994
2.276292 1.0005605589999993
2.284608 0.9998504755000017
2.292925 1.0014221709999993
2.301242 1.0005722644999977
2.309558 1.0004371494999984
2.317875 1.0001151924999983
2.326192 0.9995911935000001
2.334508 0.9998398114999998
2.342825 1.0007502909999988
2.351142 1.0002058140000016
2.359458 0.9996779205000005
2.367775 1.0003487280000025
2.376092 0.9999488080000033
2.384408 1.0000546814999987
2.392725 1.0007551784999982
2.401042 0.999295587000001
2.409358 1.0009721009999983
2.417675 0.9999743699999947
2.425992 0.9997927579999983
2.434308 1.0000322844999987
2.442625 1.0002246240000006
2.450942 1.0007752195000006
2.459258 1.0016287824999992
2.467575 1.001259411500001
2.475892 1.0007112194999996
2.484208 1.0004745180000003
2.492525 1.0011377134999973
2.500842 1.0001844184999993
2.509158 1.0008333760000014
2.517475 1.0003653260000003
2.525792 1.000241900999998
2.534108 1.000901999499999
2.542425 0.9996789410000004
2.550742 1.0009129589999992
2.559058 1.0016365925000001
2.567375 1.0001171455000002
2.575692 1.0002421530000014
2.584008 1.0012491875000005
2.592325 0.9996511484999979
2.600642 1.000345325999996
2.608958 0.999596463
2.617275 1.000098609499999
2.625592 1.0015502730000003
2.633908 1.000710870499999
2.642225 1.0003484005000032
2.650542 0.9999238069999972
2.658858 1.0002705694999996
2.667175 0.9996338129999995
2.675492 1.0011618504999995
2.683808 1.0001155504999992
2.692125 1.0002205775000015
2.700442 0.9999511290000004
2.708758 1.0016743145000002
2.717075 1.000174245500002
2.725392 1.0001021584999803
2.733708 1.000027425999998
2.742025 0.9996101040000033
2.750342 0.9995781150000007
2.758658 1.000549665999999
2.766975 1.000800337000001
2.775292 0.9995814749999985
2.783608 0.999554830000002
2.791925 1.0002653800000012
2.800242 1.000148179999996
2.808558 1.0001779439999994
2.816875 1.0007418380000026
2.825192 1.0001786214999995
2.833508 0.9994926094999976
2.841825 1.000472080999999
2.850142 1.0004994045000004
2.858458 1.0003922194999997
2.866775 1.0001786739999994
2.875092 0.9999782229999992
2.883408 0.9995598695000014
2.891725 0.9999870674999997
2.900042 1.0007214249999992
2.908358 1.000711485499995
2.916675 1.0002712154999969
2.924992 1.0011602855000004
2.933308 1.0003586114999996
2.941625 1.0008996124999996
2.949942 1.0004528469999996
2.958258 1.0001291214999988
2.966575 1.000345450999999
2.974892 1.0014924330000012
2.983208 1.0005140829999981
2.991525 1.0002468195000003
2.999842 1.0011605844999996
3.008158 1.0004712824999988
3.016475 1.0005346625000007
3.024792 1.0008987855000007
3.033108 1.0000617754999985
3.041425 1.0005201164999988
3.049742 1.0008356979999995
3.058058 0.9997517840000029
3.066375 1.0006617960000002
3.074692 0.9996987240000055
3.083008 1.0002645104999983
3.091325 0.9997837845000008
3.099642 1.0002919160000001
3.107958 1.001203192500003
3.116275 1.0007778274999994
3.124592 1.000332666499997
3.132908 1.000546475000001
3.141225 0.9999936775000002
3.149542 1.0006423094999988
3.157858 1.0001268650000021
3.166175 1.0010514710000014
3.174492 1.0007132584999996
3.182808 1.0001903959999994
3.191125 1.000028971999999
3.199442 1.0003754200000006
3.207758 1.0012291694999993
3.216075 1.000617465000001
3.224392 0.9999406910000004
3.232708 1.0002876724999983
3.241025 0.9997765440000002
3.249342 1.0002530679999981
3.257658 0.9998297160000009
3.265975 1.0005303220000001
3.274292 1.0006236499999992
3.282608 1.0001346414999999
3.290925 1.0005400870000027
3.299242 1.0005271219999976
3.307558 1.0006020349999991
3.315875 1.0005215820000015
3.324192 1.0005004525000023
3.332508 1.0007718450000012
3.340825 1.0004368180000003
3.349142 1.0006076364999987
3.357458 1.0006987910000105
3.365775 1.0012586139999997
3.374092 1.0006896380000012
3.382408 1.0008324080000002
3.390725 0.9999462570000013
3.399042 1.0004577874999965
3.407358 1.00123231
3.415675 0.9998026480000006
3.423992 1.0001002589999999
3.432308 1.0001631460000022
3.440625 1.000535331999998
3.448942 1.0005235870000015
3.457258 1.0003902424999975
3.465575 1.000715405
3.473892 1.0003834429999996
3.482208 1.0004660304999995
3.490525 1.000378049499998
3.498842 1.0007551009999978
3.507158 1.0009101299999998
3.515475 1.0005534894999997
3.523792 1.000231807500002
3.532108 1.000099570500002
3.540425 1.000371973000002
3.548742 0.9999354335000006
3.557058 1.0004390360000006
3.565375 1.0004836810000004
3.573692 1.0005931435000006
3.582008 1.0006851514999968
3.590325 1.001287395000001
3.598642 1.0005808045000006
3.606958 1.0007155060000021
3.615275 1.0009976265000053
3.623592 1.0004903995
3.631908 1.0006434715
3.640225 1.0005106930000003
3.648542 1.0009970844999994
3.656858 1.0009745879999994
3.665175 1.0003870934999977
3.673492 1.0006536940000008
3.681808 1.0007065655000023
3.690125 1.0003186525000016
3.698442 1.0007152674999993
3.706758 1.000964896499998
3.715075 1.0002647980000006
3.723392 1.0004478465000004
3.731708 1.0003628864999996
3.740025 0.9999639314999998
3.748342 1.0010442799999997
3.756658 1.000663636499997
3.764975 1.0002701919999992
3.773292 1.0003942449999996
3.781608 1.0003638374999997
3.789925 0.9998654900000007
3.798242 1.0001860470000012
3.806558 1.0002112694999996
3.814875 1.0004168559999989
3.823192 0.9999237934999978
3.831508 1.0006049279999991
3.839825 1.0004684314999992
3.848142 1.0005933155000015
3.856458 1.000502755
3.864775 0.9999789845000001
3.873092 1.0002856004999978
3.881408 0.9992886824999996
3.889725 0.9995019309999986
3.898042 0.9999316630000002
3.906358 1.0003580969999997
3.914675 0.9998470654999997
3.922992 1.0003151989999985
3.931308 1.0000030519999998
3.939625 1.0001753979999999
3.947942 0.9995298500000005
3.956258 1.0002807005000016
3.964575 1.0001075394999985
3.972892 1.0003649545000006
3.981208 1.0006622559999943
3.989525 1.0005545794999977
3.997842 1.0001835155000005
4.006158 1.0002641509999994
4.014475 0.999591550000001
4.022792 1.0000185839999984
4.031108 1.0004265150000007
4.039425 0.9996166779999989
4.047742 1.000319518
4.056058 1.0001784239999985
4.064375 0.9999621995000025
4.072692 1.0005306749999996
4.081008 1.0006955215000022
4.089325 1.001114099999998
4.097642 1.0001711580000014
4.105958 1.000624603499998
4.114275 1.0005697989999998
4.122592 1.0004848114999954
4.130908 1.0006907755000025
4.139225 1.0007996955
4.147542 1.0005228464999993
4.155858 1.0004466804999985
4.164175 1.0009208609999978
4.172492 1.000006849000001
4.180808 1.0004679625
4.189125 1.0000173710000013
4.197442 1.0006723815000005
4.205758 1.0003221894999994
4.214075 0.999847889999998
4.222392 1.0011323989999976
4.230708 1.0003336379999994
4.239025 1.0007230694999993
4.247342 1.0002185265000005
4.255658 1.000981718999998
4.263975 1.0000284909999995
4.272292 1.0004619020000007
4.280608 1.0004344914999996
4.288925 1.0007260874999993
4.297242 1.0003966664999995
4.305558 1.0005906224999925
4.313875 1.0006147589999999
4.322192 1.000460252500001
4.330508 1.0012360549999992
4.338825 1.0007407544999993
4.347142 1.0009581884999996
4.355458 1.0002674115
4.363775 1.0001568649999968
4.372092 1.0000264845000006
4.380408 0.9995753114999995
4.388725 1.0004609085
4.397042 1.0002663739999988
4.405358 1.0001938479999994
4.413675 1.0001118750000002
4.421992 1.0002270804999995
4.430308 0.9997854285000015
4.438625 1.0005553995000005
4.446942 1.0006345735000008
4.455258 1.0002481780000037
4.463575 0.9998190325000009
4.471892 1.0003403970000009
4.480208 1.0006653445000038
4.488525 1.0001834155000007
4.496842 1.000117218000002
4.505158 1.0000923385000005
4.513475 1.0007014810000006
4.521792 1.0009892619999983
4.530108 1.0002656590000005
4.538425 1.0006854019999998
4.546742 1.0003484560000009
4.555058 1.0007651559999997
4.563375 1.0003723744999995
4.571692 1.0003238465000002
4.580008 1.000346748000001
4.588325 1.0000912924999998
4.596642 1.0000929320000038
4.604958 1.000126177999999
4.613275 1.0006922440000012
4.621592 1.0003655705000014
4.629908 0.9999268020000016
4.638225 1.0004358265000017
4.646542 1.0001391469999998
4.654858 0.9999853739999998
4.663175 1.000300104499999
4.671492 1.0002266160000022
4.679808 1.0000872300000025
4.688125 1.0002655944999992
4.696442 1.0001179509999993
4.704758 0.9999815669999985
4.713075 1.000291061500001
4.721392 1.0008355875000003
4.729708 1.0000805280000022
4.738025 1.0003941295000027
4.746342 1.000404302
4.754658 0.9999782444999994
4.762975 1.0004880374999967
4.771292 1.0002108030000008
4.779608 1.0002193514999993
4.787925 1.0004621254999988
4.796242 1.0004930554999998
4.804558 1.0006562004999975
4.812875 1.0008198419999983
4.821192 1.0009270335000002
4.829508 1.0004049785000002
4.837825 1.0002287804999994
4.846142 1.0003159649999993
4.854458 1.0002509615000001
4.862775 1.0003817219999978
4.871092 1.000461329
4.879408 1.0004312324999998
4.887725 1.0002570910000013
4.896042 1.0006499744999993
4.904358 1.0004044235
4.912675 1.0009476060000022
4.920992 1.0004754340000008
4.929308 1.0008826214999982
4.937625 1.0009763290000013
4.945942 1.0005535170000008
4.954258 1.0009251424999994
4.962575 1.0003664785000015
4.970892 1.0004456810000009
4.979208 1.0007290575000003
4.987525 1.0002130375000022
4.995842 0.9998963665000004
