# r rdf(r)  n_part=4818 rho_ions=2.408856 rho_solvent=0 d0=0.4 d1=0.4 d=0.4 eps=10000 type=01 avg_count=1999 rs=3.001420295523498 ldy=0.13327023895873047 box_l=10 lbj=0.93 volume_fraction=0.16144307868065172
0.014158 0.0
0.022475 0.0
0.030792 0.0
0.039108 0.0
0.047425 0.0
0.055742 0.0
0.064058 0.0
0.072375 0.0
0.080692 0.0
0.089008 0.0
0.097325 0.0
0.105642 0.0
0.113958 0.0
0.122275 0.0
0.130592 0.0
0.138908 0.0
0.147225 0.0
0.155542 0.0
0.163858 0.0
0.172175 0.0
0.180492 0.0
0.188808 0.0
0.197125 0.0
0.205442 0.0
0.213758 0.0
0.222075 0.0
0.230392 0.0
0.238708 0.0
0.247025 0.0
0.255342 0.0
0.263658 0.0
0.271975 0.0
0.280292 0.0
0.288608 0.0
0.296925 0.0
0.305242 0.0
0.313558 0.0
0.321875 0.0
0.330192 0.0
0.338508 0.0
0.346825 0.0
0.355142 0.0
0.363458 0.0
0.371775 0.0
0.380092 0.0
0.388408 0.0
0.396725 0.49836373399999867
0.405042 2.6764128310000057
0.413358 2.5294582740000022
0.421675 2.4018034420000034
0.429992 2.2780102900000014
0.438308 2.1698611479999945
0.446625 2.071567529999999
0.454942 1.9785429320000005
0.463258 1.8942717335000026
0.471575 1.8240927584999993
0.479892 1.7490467394999984
0.488208 1.683483793500005
0.496525 1.6240171380000004
0.504842 1.5651066615000109
0.513158 1.5185353480000083
0.521475 1.4674457050000027
0.529792 1.423149131000001
0.538108 1.3830637360000027
0.546425 1.3421896734999992
0.554742 1.3090496129999973
0.563058 1.273775151500002
0.571375 1.2442851109999973
0.579692 1.214915674000004
0.588008 1.1906943154999987
0.596325 1.165206988000001
0.604642 1.139590613499999
0.612958 1.1188580215000012
0.621275 1.1018012820000058
0.629592 1.0831446565000022
0.637908 1.0657283535000002
0.646225 1.0522354970000027
0.654542 1.0375039834999977
0.662858 1.0268984299999986
0.671175 1.0122874555000025
0.679492 1.0002991844999989
0.687808 0.9953037454999987
0.696125 0.9839638765000069
0.704442 0.9769788925000018
0.712758 0.9678496945000042
0.721075 0.9650216144999975
0.729392 0.9592870775000005
0.737708 0.955467034999998
0.746025 0.9543019329999995
0.754342 0.952329776500001
0.762658 0.9495628700000014
0.770975 0.9483642850000017
0.779292 0.9513605144999971
0.787608 0.9514584884999997
0.795925 0.9536219715000038
0.804242 0.9550289660000032
0.812558 0.9587734840000031
0.820875 0.9610123845000001
0.829192 0.9632639344999981
0.837508 0.9643837369999978
0.845825 0.9660489094999962
0.854142 0.965646302500001
0.862458 0.9682082019999979
0.870775 0.9701171354999979
0.879092 0.9717851000000005
0.887408 0.9724394330000038
0.895725 0.974054932000004
0.904042 0.9762414999999992
0.912358 0.9743659229999995
0.920675 0.9771873935000005
0.928992 0.9786460354999992
0.937308 0.9796355284999985
0.945625 0.9793907479999995
0.953942 0.9801397655000011
0.962258 0.9809374904999995
0.970575 0.9838280325000011
0.978892 0.9830885959999961
0.987208 0.983839831499999
0.995525 0.9840062775000015
1.003842 0.9854213164999986
1.012158 0.9856922910000027
1.020475 0.9850889460000002
1.028792 0.9855243090000031
1.037108 0.9869564565000004
1.045425 0.9899903574999985
1.053742 0.989300071500002
1.062058 0.9908325799999976
1.070375 0.9925838739999958
1.078692 0.9896869405000005
1.087008 0.992377889500003
1.095325 0.9928300830000037
1.103642 0.9930192819999969
1.111958 0.9928457179999982
1.120275 0.9941601190000032
1.128592 0.9940355459999987
1.136908 0.9951489259999983
1.145225 0.9959774489999992
1.153542 0.9979679984999991
1.161858 0.9967712169999976
1.170175 0.9981433284999989
1.178492 0.9968233354999991
1.186808 0.9985641514999953
1.195125 1.0006588444999915
1.203442 0.9998061079999992
1.211758 1.000801416000003
1.220075 1.0027345619999986
1.228392 1.002483739500002
1.236708 1.0044564970000014
1.245025 1.0025670365000068
1.253342 1.0022360670000017
1.261658 1.0028065730000033
1.269975 1.0028795445000014
1.278292 1.003536759499998
1.286608 1.0046978299999971
1.294925 1.0040659239999932
1.303242 1.0045050689999981
1.311558 1.0047765630000023
1.319875 1.005460843499999
1.328192 1.0054996189999996
1.336508 1.00380549499999
1.344825 1.004523136500001
1.353142 1.0038852889999843
1.361458 1.0031239770000013
1.369775 1.0025557644999996
1.378092 1.0032343674999986
1.386408 1.0024134779999996
1.394725 1.0031228195000028
1.403042 1.0035598430000003
1.411358 1.0015934814999994
1.419675 1.002224020500001
1.427992 1.0019759575000002
1.436308 1.0011576870000067
1.444625 1.0022408665000004
1.452942 1.000098647500002
1.461258 1.0026032469999995
1.469575 1.000531334499998
1.477892 1.0012521355000015
1.486208 1.000587514000001
1.494525 1.0011759134999996
1.502842 1.001348749
1.511158 1.0009928969999955
1.519475 0.9999542415000112
1.527792 0.9989218954999969
1.536108 0.9998646270000003
1.544425 1.0004574199999978
1.552742 0.9992288515
1.561058 0.9999933095000045
1.569375 1.0005807125000028
1.577692 0.9994060845000018
1.586008 0.999658113999999
1.594325 1.0001080425000013
1.602642 1.0000056489999982
1.610958 0.9992510489999992
1.619275 1.0001515780000025
1.627592 0.9999618035000025
1.635908 0.9991980269999995
1.644225 0.9999384165000007
1.652542 0.9998148725000009
1.660858 0.9995414260000013
1.669175 0.9990486299999998
1.677492 1.0000603564999997
1.685808 0.998565983000001
1.694125 0.9996536345000032
1.702442 0.9992425460000014
1.710758 0.9993380764999985
1.719075 1.000045026
1.727392 0.9999433385000007
1.735708 0.9991677415000032
1.744025 0.9995236705000021
1.752342 0.9991437135000006
1.760658 0.9995465145000002
1.768975 1.000328347000007
1.777292 0.999170056000001
1.785608 0.9998295960000004
1.793925 1.0000320249999972
1.802242 1.0000467635000017
1.810558 0.999500476000001
1.818875 1.0001885000000008
1.827192 0.9988760699999986
1.835508 0.9993342954999966
1.843825 1.0000930474999996
1.852142 0.9986838264999992
1.860458 0.9998523120000005
1.868775 1.0003150809999997
1.877092 0.9995659515000002
1.885408 0.9994395000000007
1.893725 0.9992996974999996
1.902042 0.9999406420000009
1.910358 0.9996533064999983
1.918675 1.0001624215000005
1.926992 1.0000014724999995
1.935308 0.9995058800000138
1.943625 0.9999094074999997
1.951942 0.9997511045000015
1.960258 1.0000787010000012
1.968575 0.9996583760000003
1.976892 1.0004180060000054
1.985208 0.9995352574999996
1.993525 1.0000060515
2.001842 1.0002312839999992
2.010158 1.000127024
2.018475 1.000327410500001
2.026792 0.9996758410000007
2.035108 1.0002150965
2.043425 1.001117410000003
2.051742 0.9999637670000003
2.060058 0.9993660395000019
2.068375 1.0000002509999992
2.076692 1.0004821225000005
2.085008 0.9992640569999949
2.093325 0.9993696645000004
2.101642 0.9997310440000012
2.109958 0.9994792190000013
2.118275 1.0003712360000014
2.126592 1.0008140714999998
2.134908 0.9996699919999998
2.143225 0.9994248744999981
2.151542 1.0010495080000001
2.159858 0.9996638915000006
2.168175 0.9997852100000012
2.176492 0.9993408669999999
2.184808 1.000382711000002
2.193125 1.0001216245000015
2.201442 1.0001041884999966
2.209758 1.0000012975000034
2.218075 0.9997682664999995
2.226392 0.999781508500002
2.234708 0.999783116999996
2.243025 0.9990434155000001
2.251342 0.9997693539999998
2.259658 0.9997722590000003
2.267975 1.0006997439999974
2.276292 0.9995239069999999
2.284608 0.9992754330000019
2.292925 0.9991216864999994
2.301242 1.0004203060000008
2.309558 1.0000972764999987
2.317875 0.9989366560000021
2.326192 0.9994494244999995
2.334508 0.9999587290000007
2.342825 0.9991918790000004
2.351142 1.0001515300000006
2.359458 0.999868022499999
2.367775 0.999596165499998
2.376092 1.0006736899999993
2.384408 1.000526043
2.392725 0.9995048734999996
2.401042 1.0002192169999995
2.409358 1.0000603705000004
2.417675 1.0002306349999988
2.425992 1.000085930499999
2.434308 0.9996566729999992
2.442625 1.000213730000001
2.450942 1.000408094500002
2.459258 1.0000723449999986
2.467575 1.0003498659999999
2.475892 0.9999833989999998
2.484208 1.0002180504999993
2.492525 0.9998060119999993
2.500842 0.9997795115000041
2.509158 1.0003744444999991
2.517475 1.0000577680000018
2.525792 0.9997659549999997
2.534108 0.999965570499999
2.542425 1.0002060840000002
2.550742 0.9999583220000001
2.559058 0.9998989900000003
2.567375 0.999615163999999
2.575692 1.0000016590000018
2.584008 0.999805717
2.592325 0.9999334679999996
2.600642 0.9999054350000004
2.608958 0.9999305930000008
2.617275 0.9998943260000029
2.625592 0.9999134194999979
2.633908 0.9998695369999999
2.642225 0.999211395000001
2.650542 1.0001199925000002
2.658858 0.9999966670000016
2.667175 1.0002135095000007
2.675492 0.9994970445000007
2.683808 0.9994444774999952
2.692125 1.000120482000001
2.700442 1.0005123440000006
2.708758 1.000479318500001
2.717075 1.0002192544999993
2.725392 0.999922730500002
2.733708 0.9999141284999989
2.742025 1.0001800000000005
2.750342 1.0000117420000012
2.758658 0.9998678400000005
2.766975 1.0005974574999985
2.775292 0.9997145555000013
2.783608 1.000186408499999
2.791925 1.0000938289999999
2.800242 1.0002040274999977
2.808558 1.000225124999999
2.816875 1.000201747999996
2.825192 0.9993178820000022
2.833508 0.9998011910000013
2.841825 1.000355147499999
2.850142 1.0002647484999991
2.858458 0.999717228999999
2.866775 0.9994681764999981
2.875092 0.9998573185000015
2.883408 0.9998298145
2.891725 0.9997218064999993
2.900042 1.0002108464999973
2.908358 0.9998528205000006
2.916675 0.999924028499998
2.924992 1.0001116130000003
2.933308 0.9996222015000003
2.941625 0.9999193530000016
2.949942 1.0000150155000012
2.958258 1.0001787610000001
2.966575 1.0006516950000006
2.974892 1.0001683810000017
2.983208 1.0000589240000006
2.991525 0.9998886309999989
2.999842 1.0001630854999997
3.008158 1.0001483654999979
3.016475 0.9999280725000013
3.024792 0.9995290079999994
3.033108 0.9999561585000001
3.041425 1.0006718750000003
3.049742 0.9999789130000004
3.058058 1.0007350020000005
3.066375 0.9997421635000014
3.074692 0.999328492500001
3.083008 0.9993766074999986
3.091325 0.999916821999999
3.099642 0.9992010914999981
3.107958 0.9998688234999994
3.116275 1.0006416075000006
3.124592 0.9997612089999995
3.132908 0.9995816635000009
3.141225 1.000227668
3.149542 1.000016672999999
3.157858 1.0001868770000015
3.166175 1.0003733235000007
3.174492 1.0003906350000022
3.182808 0.999933066500001
3.191125 0.999883134000001
3.199442 1.0007188039999992
3.207758 1.0001372639999997
3.216075 1.000205858000001
3.224392 0.9999167665000019
3.232708 0.9997352500000016
3.241025 1.0002208359999998
3.249342 1.0004655884999978
3.257658 1.0002282555000006
3.265975 1.000305118500001
3.274292 1.0002340429999996
3.282608 0.999774648499996
3.290925 0.9999355010000014
3.299242 0.9996988684999986
3.307558 0.9996475950000001
3.315875 1.0004646479999995
3.324192 1.0003080670000006
3.332508 0.9999291284999988
3.340825 1.0002215554999996
3.349142 1.000067122499999
3.357458 0.9995485309999983
3.365775 1.0001854824999983
3.374092 1.0008033519999993
3.382408 1.0005521269999986
3.390725 1.0000861030000014
3.399042 0.999812592499999
3.407358 1.0001536900000008
3.415675 1.0004375830000019
3.423992 1.000024899000001
3.432308 1.0002616809999987
3.440625 0.9997545295000008
3.448942 1.0002822195000025
3.457258 1.0000682889999983
3.465575 0.9998833550000021
3.473892 1.0000106704999994
3.482208 0.9995385629999995
3.490525 0.9997938860000009
3.498842 1.000150845499998
3.507158 1.0000405765
3.515475 0.9995296340000007
3.523792 1.0002536579999994
3.532108 0.9998227374999987
3.540425 1.000080677
3.548742 0.9997986389999997
3.557058 0.9999171574999992
3.565375 0.9997844465000048
3.573692 0.9998372265000003
3.582008 0.9997319080000007
3.590325 1.000423046000001
3.598642 1.0004323905000003
3.606958 0.9996414909999993
3.615275 0.9999984760000002
3.623592 1.0000621020000013
3.631908 0.9997664614999993
3.640225 0.9993947910000002
3.648542 1.0000954739999992
3.656858 0.9998103389999997
3.665175 0.9995287975000006
3.673492 0.9995793865000008
3.681808 1.0000191324999994
3.690125 0.9995160964999994
3.698442 1.0001380939999995
3.706758 0.9999191389999993
3.715075 0.999649546000002
3.723392 1.0000433554999988
3.731708 0.9996916905000001
3.740025 1.000017213
3.748342 1.0001939944999996
3.756658 1.0000770174999973
3.764975 1.0002603314999967
3.773292 0.9999839474999982
3.781608 0.999539558500002
3.789925 1.0000067725000013
3.798242 0.9995434235000022
3.806558 1.0001029060000026
3.814875 0.9997391699999998
3.823192 1.00008593
3.831508 0.9997389089999988
3.839825 0.9997506199999989
3.848142 1.000163258
3.856458 1.0000322250000007
3.864775 1.0001968404999986
3.873092 1.0002817934999986
3.881408 0.9999263414999989
3.889725 0.9997360099999998
3.898042 0.9998257900000008
3.906358 1.000419078999999
3.914675 1.000053190000001
3.922992 0.9998112580000059
3.931308 0.999888248
3.939625 1.0002267440000001
3.947942 1.000297771499998
3.956258 1.0000301700000025
3.964575 0.9998955779999998
3.972892 1.0003105054999997
3.981208 1.0001706730000015
3.989525 1.0003182019999999
3.997842 1.0000756595000013
4.006158 1.0001623115000005
4.014475 1.000492183
4.022792 1.000397558000001
4.031108 1.000292796999999
4.039425 1.0004751505000002
4.047742 1.0000822435000016
4.056058 0.9997638400000003
4.064375 0.9999067295
4.072692 0.9999472070000003
4.081008 0.9999696754999987
4.089325 0.9999808450000008
4.097642 1.0003379520000006
4.105958 1.0002559644999989
4.114275 1.0000375465000022
4.122592 0.9997337940000015
4.130908 1.000058996500001
4.139225 1.0000194335000006
4.147542 0.9996542075
4.155858 0.9999403090000023
4.164175 0.9999739694999994
4.172492 1.0001460404999998
4.180808 1.0001884879999985
4.189125 0.9999921655000007
4.197442 0.9999098540000024
4.205758 0.9999020585000019
4.214075 0.9998001085000008
4.222392 0.9999653839999992
4.230708 1.000239515500001
4.239025 1.000194206000001
4.247342 0.9997411785000027
4.255658 0.9998322760000009
4.263975 1.0000303860000028
4.272292 0.9998369374999977
4.280608 0.9998645220000041
4.288925 0.9997457140000002
4.297242 0.9995853149999994
4.305558 1.0000679470000002
4.313875 1.0000534775000003
4.322192 0.9997338409999985
4.330508 0.9998234940000029
4.338825 0.9999413760000009
4.347142 0.9999390080000005
4.355458 0.9997292320000015
4.363775 0.9998175854999992
4.372092 0.9999290060000044
4.380408 0.9995830330000007
4.388725 1.0000001920000003
4.397042 1.0001570115
4.405358 0.999846786000001
4.413675 0.9994449535000001
4.421992 0.9996651974999988
4.430308 0.9996392239999985
4.438625 0.9999456909999996
4.446942 0.9998256120000012
4.455258 0.9995892875000004
4.463575 0.9999486725000014
4.471892 0.9999634899999994
4.480208 0.9998044325000008
4.488525 0.9999681934999995
4.496842 0.9997481789999996
4.505158 0.9998116214999994
4.513475 0.9999378374999989
4.521792 0.9997952825000012
4.530108 0.9996688505000009
4.538425 0.999691284999999
4.546742 0.9997561534999996
4.555058 0.9996646365000009
4.563375 0.9997908835
4.571692 0.9995864804999985
4.580008 0.9998855460000013
4.588325 0.9998484235000015
4.596642 0.9999928805
4.604958 1.000010204999999
4.613275 0.9997305235000021
4.621592 0.9997761229999991
4.629908 0.9999403495000005
4.638225 1.000357662500001
4.646542 1.0002041839999993
4.654858 0.9998599584999994
4.663175 1.0002289424999982
4.671492 0.9999753924999993
4.679808 1.0001473495000024
4.688125 0.9999924004999997
4.696442 1.000140097
4.704758 0.9998832784999984
4.713075 1.0002740325
4.721392 1.0001542935
4.729708 1.0002583470000002
4.738025 1.0004187960000006
4.746342 1.0003650055000006
4.754658 1.000120503500002
4.762975 0.9998972620000003
4.771292 0.9998849595000013
4.779608 1.0001062425000002
4.787925 1.0002192169999995
4.796242 1.000028290000001
4.804558 1.000053744500002
4.812875 1.0002178840000011
4.821192 1.0001759010000006
4.829508 1.0002193470000007
4.837825 1.0002258229999998
4.846142 0.999894969000004
4.854458 1.0001040975000022
4.862775 1.0002163804999986
4.871092 1.0003429840000018
4.879408 1.0001880870000008
4.887725 0.9999488829999981
4.896042 0.9998785014999999
4.904358 1.0001414969999995
4.912675 1.0000799830000013
4.920992 1.000078366
4.929308 0.9998269055
4.937625 1.0001352020000012
4.945942 0.9999960580000011
4.954258 1.0001293285000035
4.962575 1.0000827489999993
4.970892 0.9998860815
4.979208 0.9999168985000028
4.987525 0.9999379289999986
4.995842 0.9998013430000009
