# r rdf(r)  n_part=1204 rho_ions=0.602214 rho_solvent=0 d0=0.4 d1=0.4 d=0.4 eps=10000 type=00 avg_count=999 rs=1.500710147761749 ldy=0.26654047791746094 box_l=10 lbj=0.93 volume_fraction=0.04036076967016293
0.014158 0.0
0.022475 0.0
0.030792 0.0
0.039108 0.0
0.047425 0.0
0.055742 0.0
0.064058 0.0
0.072375 0.0
0.080692 0.0
0.089008 0.0
0.097325 0.0
0.105642 0.0
0.113958 0.0
0.122275 0.0
0.130592 0.0
0.138908 0.0
0.147225 0.0
0.155542 0.0
0.163858 0.0
0.172175 0.0
0.180492 0.0
0.188808 0.0
0.197125 0.0
0.205442 0.0
0.213758 0.0
0.222075 0.0
0.230392 0.0
0.238708 0.0
0.247025 0.0
0.255342 0.0
0.263658 0.0
0.271975 0.0
0.280292 0.0
0.288608 0.0
0.296925 0.0
0.305242 0.0
0.313558 0.0
0.321875 0.0
0.330192 0.0
0.338508 0.0
0.346825 0.0
0.355142 0.0
0.363458 0.0
0.371775 0.0
0.380092 0.0
0.388408 0.0
0.396725 0.0698985939999998
0.405042 0.3855816979999993
0.413358 0.3996299639999997
0.421675 0.4072241089999981
0.429992 0.43052933000000404
0.438308 0.4407766800000007
0.446625 0.4552728249999981
0.454942 0.4753235580000047
0.463258 0.4798524050000021
0.471575 0.49447177800000436
0.479892 0.5114729380000023
0.488208 0.5312549649999996
0.496525 0.5402107360000008
0.504842 0.5410291560000037
0.513158 0.5688278600000026
0.521475 0.5624992289999997
0.529792 0.5657068800000074
0.538108 0.6004151760000008
0.546425 0.6028264809999923
0.554742 0.6209807620000063
0.563058 0.624126789999994
0.571375 0.6508062200000057
0.579692 0.6407658899999994
0.588008 0.6613189270000001
0.596325 0.665907481
0.604642 0.6783864560000086
0.612958 0.6864279339999975
0.621275 0.6969505919999974
0.629592 0.7214927729999984
0.637908 0.7160609229999993
0.646225 0.7237134359999974
0.654542 0.7279085030000059
0.662858 0.7494830750000013
0.671175 0.7521590379999987
0.679492 0.7741843100000054
0.687808 0.7543456350000074
0.696125 0.7988624220000092
0.704442 0.7834154530000046
0.712758 0.7975154210000007
0.721075 0.8012998890000007
0.729392 0.8148461819999996
0.737708 0.8204863980000033
0.746025 0.8299503519999967
0.754342 0.844191147000001
0.762658 0.820878596000006
0.770975 0.8574560519999995
0.779292 0.8581517100000003
0.787608 0.8673244510000007
0.795925 0.8687478280000003
0.804242 0.8870181190000047
0.812558 0.8939480510000004
0.820875 0.8885634000000022
0.829192 0.8985998850000013
0.837508 0.9263131250000047
0.845825 0.9016805300000039
0.854142 0.9157445580000032
0.862458 0.9327986390000013
0.870775 0.9227387310000023
0.879092 0.9389679880000132
0.887408 0.9361600289999973
0.895725 0.9473362150000075
0.904042 0.9467483490000009
0.912358 0.9450711910000014
0.920675 0.958338259
0.928992 0.9440144929999968
0.937308 0.9680351130000001
0.945625 0.9723175529999989
0.953942 0.9670626789999989
0.962258 0.968926601000003
0.970575 0.9695180639999942
0.978892 0.9651473539999995
0.987208 0.9732142040000002
0.995525 0.9747403060000005
1.003842 0.9714634019999953
1.012158 0.9915505239999989
1.020475 0.9858668470000159
1.028792 0.9744396909999988
1.037108 0.9722007480000014
1.045425 0.9739748059999993
1.053742 0.9806212799999988
1.062058 0.9755928970000015
1.070375 0.9841285530000005
1.078692 0.9710122110000002
1.087008 0.987232296000004
1.095325 0.991784033999999
1.103642 1.0000819340000013
1.111958 0.993733905999985
1.120275 0.9845550529999954
1.128592 0.9914841910000004
1.136908 0.9770725660000005
1.145225 0.9943088849999956
1.153542 0.9828057449999971
1.161858 0.9964490979999993
1.170175 0.9946191710000022
1.178492 0.9864574059999998
1.186808 1.0014456370000007
1.195125 0.9972585699999974
1.203442 0.9921783490000031
1.211758 0.9961845769999871
1.220075 1.0071672570000019
1.228392 0.9974314959999984
1.236708 0.9924652100000108
1.245025 0.9986320079999988
1.253342 0.9816517410000011
1.261658 0.9955018770000001
1.269975 1.002511339999998
1.278292 0.9957561110000013
1.286608 0.996632282999998
1.294925 0.9939655889999984
1.303242 0.9996316330000021
1.311558 1.0050437759999997
1.319875 1.0063541479999998
1.328192 1.0014364989999995
1.336508 0.9949342860000024
1.344825 0.9943065199999978
1.353142 0.9984721619999996
1.361458 1.0001507299999992
1.369775 1.0030681140000026
1.378092 0.998851821000002
1.386408 0.9944441619999993
1.394725 1.0087774020000018
1.403042 0.9925813339999985
1.411358 0.9913801099999987
1.419675 1.0005049
1.427992 0.9920753940000016
1.436308 1.0047718820000016
1.444625 1.0019549970000017
1.452942 0.9992116230000004
1.461258 0.9973574530000008
1.469575 0.9946485100000003
1.477892 1.0019868640000036
1.486208 1.0017237799999987
1.494525 0.9884038319999993
1.502842 1.0018505230000012
1.511158 0.9895101259999981
1.519475 0.9920410769999997
1.527792 1.0105020680000023
1.536108 0.9925512329999985
1.544425 1.0041984499999985
1.552742 1.0026841480000028
1.561058 0.9953280979999908
1.569375 1.005917293999999
1.577692 0.9979325600000011
1.586008 0.9896600229999988
1.594325 0.9976320539999997
1.602642 1.002832143999995
1.610958 0.9961935129999995
1.619275 0.9853009789999919
1.627592 1.0007549770000006
1.635908 0.9956453789999996
1.644225 1.0044005220000005
1.652542 0.998209512999999
1.660858 1.0012381250000024
1.669175 1.0086942599999993
1.677492 0.999055615000002
1.685808 0.9979886640000039
1.694125 1.0005250119999998
1.702442 1.0002997840000005
1.710758 0.9985497000000001
1.719075 0.9978604520000016
1.727392 1.0002048340000034
1.735708 0.9989121029999999
1.744025 0.9987461920000008
1.752342 1.0014494869999997
1.760658 0.9961741839999979
1.768975 1.0016530679999962
1.777292 0.9998191779999998
1.785608 1.000597077
1.793925 1.0049498119999831
1.802242 1.002877742000001
1.810558 1.0011400759999993
1.818875 0.9988004980000006
1.827192 1.000470464
1.835508 1.002477186000002
1.843825 0.993376397000001
1.852142 1.003101255000002
1.860458 0.9972705130000007
1.868775 1.0001668600000013
1.877092 0.9960224769999998
1.885408 1.0013008350000023
1.893725 1.0000771120000003
1.902042 0.9957220399999992
1.910358 0.9913033120000002
1.918675 0.9988633599999994
1.926992 0.9964848690000047
1.935308 1.0009452339999998
1.943625 0.9991322809999977
1.951942 0.9918025719999998
1.960258 0.9946231109999986
1.968575 0.9956545719999984
1.976892 1.0022095959999981
1.985208 0.9993461160000007
1.993525 1.0008209460000004
2.001842 0.9990822210000004
2.010158 1.0032417050000006
2.018475 1.002676904999999
2.026792 0.993563664000001
2.035108 0.9999675590000016
2.043425 1.002358391999999
2.051742 0.9974276750000004
2.060058 0.9923444230000003
2.068375 0.9948026729999989
2.076692 1.0005871619999989
2.085008 0.9999451179999992
2.093325 0.9956368680000018
2.101642 0.9950534470000009
2.109958 1.0023609999999994
2.118275 1.0013072109999996
2.126592 1.0026368950000002
2.134908 0.995559901
2.143225 1.0015977300000007
2.151542 1.0049410829999956
2.159858 1.0022283300000026
2.168175 1.0000452799999977
2.176492 0.9982679519999997
2.184808 1.002317344999999
2.193125 1.0088389930000001
2.201442 1.0036428629999998
2.209758 1.0045840390000014
2.218075 1.0048592149999993
2.226392 0.9993507280000056
2.234708 1.001077169999999
2.243025 1.001068713
2.251342 1.004121885000003
2.259658 1.0038399829999989
2.267975 1.0050880060000005
2.276292 1.00126862
2.284608 0.9990691089999992
2.292925 0.9948428449999999
2.301242 1.003615871999999
2.309558 1.0006747879999989
2.317875 0.999807558000001
2.326192 1.0025829220000015
2.334508 1.0066327850000008
2.342825 1.0015704540000139
2.351142 0.9951767870000036
2.359458 0.9995463279999912
2.367775 1.0081887979999997
2.376092 0.9988763489999982
2.384408 1.00135402
2.392725 0.9971767239999985
2.401042 0.995271847000001
2.409358 0.9996200079999988
2.417675 0.9998399969999996
2.425992 1.000051438999999
2.434308 1.0053243750000012
2.442625 1.0018323689999995
2.450942 1.0051443349999991
2.459258 1.0021093960000014
2.467575 0.99831934
2.475892 1.0041437330000011
2.484208 1.0036969180000017
2.492525 1.0016926859999997
2.500842 1.0062556709999984
2.509158 1.0076530070000012
2.517475 1.0064477760000012
2.525792 1.0009666610000003
2.534108 1.0042913110000018
2.542425 1.0065445659999994
2.550742 1.004804331000001
2.559058 0.9999154380000012
2.567375 1.0049389179999992
2.575692 1.0035303940000004
2.584008 0.9932390700000022
2.592325 1.0054829639999971
2.600642 1.0009158329999996
2.608958 1.0034266850000002
2.617275 1.003383725999998
2.625592 1.0006203989999998
2.633908 1.0057859019999997
2.642225 0.9994870039999985
2.650542 0.9944216890000018
2.658858 0.9962684530000009
2.667175 0.9993889240000006
2.675492 1.0020672190000004
2.683808 1.000257713999998
2.692125 1.001750144999999
2.700442 0.994907582000001
2.708758 0.9993396260000005
2.717075 0.9986692299999993
2.725392 0.9997047550000006
2.733708 0.9995267929999981
2.742025 0.9981158550000018
2.750342 0.9996614590000005
2.758658 0.9986820289999989
2.766975 1.0024010769999991
2.775292 0.998421286000003
2.783608 0.9961299019999988
2.791925 0.9995548029999987
2.800242 0.9990967949999991
2.808558 0.997151532
2.816875 0.9988447670000008
2.825192 1.001554330000002
2.833508 0.9979762250000006
2.841825 1.001993958
2.850142 0.9987724859999999
2.858458 1.0037020310000009
2.866775 1.0014717310000014
2.875092 1.0026097349999994
2.883408 1.002560086999997
2.891725 0.9988384139999995
2.900042 1.0023250359999953
2.908358 1.0024225439999994
2.916675 1.0028818569999995
2.924992 0.9999072060000009
2.933308 1.002132238000002
2.941625 1.0009909529999945
2.949942 0.999718866999993
2.958258 0.9981854479999991
2.966575 1.002657629999999
2.974892 0.9978782020000003
2.983208 0.9998523499999885
2.991525 1.0028175950000007
2.999842 0.9975646970000001
3.008158 0.9993394729999997
3.016475 0.9975107830000014
3.024792 1.0001318950000022
3.033108 1.0086833660000019
3.041425 1.0015621110000017
3.049742 1.0009976069999997
3.058058 0.9985524659999989
3.066375 1.002717537
3.074692 1.0067223299999986
3.083008 1.0059949359999973
3.091325 1.0047072689999992
3.099642 1.0045695620000021
3.107958 1.0014564559999997
3.116275 1.003476677
3.124592 1.0019396839999999
3.132908 0.9986804210000009
3.141225 0.9977841100000001
3.149542 0.9984083049999964
3.157858 0.9987840170000009
3.166175 1.0032047480000001
3.174492 1.0032458469999979
3.182808 1.0036540050000002
3.191125 1.0037273719999997
3.199442 1.0013992189999992
3.207758 0.9940132729999994
3.216075 1.0063529160000004
3.224392 0.9984007750000047
3.232708 1.001145680000001
3.241025 1.0024746779999993
3.249342 1.002048547999999
3.257658 1.0016637670000015
3.265975 0.9986515449999978
3.274292 0.9968065519999995
3.282608 1.0010491679999898
3.290925 1.0012265630000003
3.299242 0.9998296350000002
3.307558 0.9995509400000001
3.315875 1.0002870969999988
3.324192 0.9973895580000007
3.332508 1.0010143089999999
3.340825 0.996624287999998
3.349142 0.996467053
3.357458 0.9972281810000005
3.365775 0.9966856640000007
3.374092 1.002450344
3.382408 1.000601174999998
3.390725 1.0011688820000004
3.399042 1.0006385510000024
3.407358 0.997727905
3.415675 0.998954778
3.423992 0.9977758529999996
3.432308 1.0017149840000013
3.440625 1.002155005
3.448942 1.0001290700000098
3.457258 1.0017661980000003
3.465575 0.9969331009999999
3.473892 1.0004798679999949
3.482208 1.0002038690000006
3.490525 1.0008048209999996
3.498842 1.003199007
3.507158 0.9990789649999987
3.515475 1.0033580500000012
3.523792 1.0024782839999966
3.532108 1.0008961529999996
3.540425 1.003824426999996
3.548742 1.0008890089999998
3.557058 1.0010674849999996
3.565375 0.9984915170000002
3.573692 0.9998631489999981
3.582008 1.0034291110000004
3.590325 1.0023843499999974
3.598642 0.9995863619999994
3.606958 1.0011983470000014
3.615275 0.9969210409999991
3.623592 0.9987994099999995
3.631908 0.9992146450000002
3.640225 1.0043975640000011
3.648542 0.9982066449999997
3.656858 0.9988805680000005
3.665175 0.9985302340000004
3.673492 0.9997366879999982
3.681808 1.0006411529999988
3.690125 1.0003930250000013
3.698442 0.9993907529999995
3.706758 0.9973787579999996
3.715075 0.9997206759999993
3.723392 0.9994144450000013
3.731708 1.002268788000001
3.740025 0.9975553360000016
3.748342 0.9981668849999996
3.756658 0.9966680960000002
3.764975 1.0020797340000014
3.773292 1.0006463949999989
3.781608 0.9957952520000001
3.789925 1.0024770779999992
3.798242 0.9976151760000003
3.806558 0.999725497999999
3.814875 1.0006558229999984
3.823192 0.9997375600000001
3.831508 0.9987169299999981
3.839825 1.002886754
3.848142 1.0024498259999985
3.856458 1.0000087809999978
3.864775 1.002561638000001
3.873092 1.0021321450000005
3.881408 1.00514153
3.889725 1.0015540710000022
3.898042 1.0024751239999998
3.906358 1.0046721279999993
3.914675 1.0020403189999998
3.922992 1.0035634310000008
3.931308 1.0062110349999915
3.939625 1.0036030419999995
3.947942 1.0043914619999992
3.956258 1.0010855880000002
3.964575 1.0040678500000004
3.972892 1.008480803999999
3.981208 1.0017823209999983
3.989525 1.0021361950000023
3.997842 1.0034778960000001
4.006158 1.0028323379999986
4.014475 1.0052849909999995
4.022792 1.0013810500000013
4.031108 1.0025591430000016
4.039425 1.004156448000009
4.047742 1.0027557879999989
4.056058 1.0045121260000025
4.064375 1.002182465
4.072692 1.000922152000001
4.081008 1.0022552880000006
4.089325 1.0032024420000014
4.097642 1.0018969820000005
4.105958 1.0028214710000007
4.114275 1.0028678630000014
4.122592 1.0008765750000017
4.130908 0.9993798439999997
4.139225 1.004481255999999
4.147542 0.9985290319999987
4.155858 0.9984044839999994
4.164175 1.000093979
4.172492 0.9997782119999997
4.180808 0.9982677710000001
4.189125 0.9990008960000007
4.197442 0.9995192070000015
4.205758 1.0002529180000004
4.214075 1.002658831999999
4.222392 0.9992024440000009
4.230708 0.9971396250000002
4.239025 1.0003188100000004
4.247342 1.0007532639999999
4.255658 1.0023772879999981
4.263975 1.0003560969999992
4.272292 0.9997310859999987
4.280608 1.000662149999999
4.288925 1.0010925409999996
4.297242 0.9978744079999997
4.305558 1.0004600639999994
4.313875 1.0003722429999977
4.322192 0.9975794270000004
4.330508 1.0018603040000018
4.338825 1.0000462369999983
4.347142 0.9983142420000012
4.355458 0.9967303119999988
4.363775 1.001148223
4.372092 0.998261748
4.380408 0.9981988610000001
4.388725 0.9984395869999997
4.397042 0.999667184999998
4.405358 1.0013581149999995
4.413675 1.0010579590000006
4.421992 0.99840775
4.430308 1.0006453819999999
4.438625 0.9988508379999996
4.446942 1.0002296280000025
4.455258 0.9993767590000003
4.463575 0.99686399
4.471892 1.001075933999999
4.480208 1.0023010030000001
4.488525 0.9994670580000012
4.496842 0.9980335060000002
4.505158 0.9999759150000028
4.513475 0.9996669179999979
4.521792 1.0014048250000007
4.530108 1.001656686000001
4.538425 0.999527198999999
4.546742 0.997974573
4.555058 0.999309794000001
4.563375 1.00070741
4.571692 0.999909301000001
4.580008 1.0005048009999804
4.588325 1.0006472429999995
4.596642 1.0003864740000012
4.604958 0.9992257660000002
4.613275 0.9978506590000001
4.621592 0.999901234999991
4.629908 1.002337860000002
4.638225 0.9975098749999974
4.646542 1.0026294370000006
4.654858 1.001288388000001
4.663175 1.0005756910000008
4.671492 1.0010711589999997
4.679808 0.9993324120000003
4.688125 1.0008149080000008
4.696442 1.002230297
4.704758 1.0012541400000006
4.713075 1.0010548960000005
4.721392 1.002511819999999
4.729708 0.9992115870000001
4.738025 1.000911567
4.746342 1.0004451750000034
4.754658 1.0015224890000007
4.762975 0.9999748379999979
4.771292 1.0032321000000013
4.779608 1.002269852000001
4.787925 1.0032440809999985
4.796242 1.001299196999999
4.804558 1.0002072950000007
4.812875 0.999082625000001
4.821192 1.0005380530000003
4.829508 0.9996440120000006
4.837825 1.000029306
4.846142 1.002547950000002
4.854458 1.0016026479999998
4.862775 0.9978619370000004
4.871092 1.0013857590000002
4.879408 1.0009453119999987
4.887725 0.9995080020000003
4.896042 1.001589659999987
4.904358 1.0027982379999991
4.912675 1.0025726979999987
4.920992 1.001820964000001
4.929308 1.001889236000001
4.937625 1.0021748340000014
4.945942 1.0033652970000015
4.954258 0.9987754180000018
4.962575 1.0023979270000005
4.970892 0.999832149999999
4.979208 1.0009218269999995
4.987525 1.001235316
4.995842 1.0004052949999993
