# r rdf(r)  n_part=9636 rho_ions=4.817712 rho_solvent=0 d0=0.4 d1=0.4 d=0.4 eps=10000 type=00 avg_count=1999 rs=3.682555988600138 ldy=0.10862020869153256 box_l=10 lbj=0.7 volume_fraction=0.32288615736130344
0.014158 0.0
0.022475 0.0
0.030792 0.0
0.039108 0.0
0.047425 0.0
0.055742 0.0
0.064058 0.0
0.072375 0.0
0.080692 0.0
0.089008 0.0
0.097325 0.0
0.105642 0.0
0.113958 0.0
0.122275 0.0
0.130592 0.0
0.138908 0.0
0.147225 0.0
0.155542 0.0
0.163858 0.0
0.172175 0.0
0.180492 0.0
0.188808 0.0
0.197125 0.0
0.205442 0.0
0.213758 0.0
0.222075 0.0
0.230392 0.0
0.238708 0.0
0.247025 0.0
0.255342 0.0
0.263658 0.0
0.271975 0.0
0.280292 0.0
0.288608 0.0
0.296925 0.0
0.305242 0.0
0.313558 0.0
0.321875 0.0
0.330192 0.0
0.338508 0.0
0.346825 0.0
0.355142 0.0
0.363458 0.0
0.371775 0.0
0.380092 0.0
0.388408 0.0
0.396725 0.3101818715000006
0.405042 1.6951513370000055
0.413358 1.6265009539999973
0.421675 1.5675794240000007
0.429992 1.5085548809999956
0.438308 1.4534074959999952
0.446625 1.3958248020000021
0.454942 1.3493248079999982
0.463258 1.3030422740000003
0.471575 1.2594512844999997
0.479892 1.2181411310000017
0.488208 1.179008494499998
0.496525 1.1377887849999995
0.504842 1.1075247139999955
0.513158 1.0768663549999993
0.521475 1.0467540094999972
0.529792 1.0181895795000053
0.538108 0.9937405620000002
0.546425 0.9741355149999986
0.554742 0.9514324304999937
0.563058 0.9348010449999999
0.571375 0.9164622134999993
0.579692 0.9020370450000039
0.588008 0.8896497610000003
0.596325 0.8782668370000012
0.604642 0.8705488514999993
0.612958 0.8606477594999998
0.621275 0.8540246660000004
0.629592 0.8515395434999838
0.637908 0.8473214955000151
0.646225 0.8467678750000004
0.654542 0.8462727059999999
0.662858 0.8479058684999997
0.671175 0.8524778489999999
0.679492 0.8583931934999942
0.687808 0.8657522650000006
0.696125 0.8741110835000006
0.704442 0.8825432174999964
0.712758 0.8959472560000004
0.721075 0.9091011594999997
0.729392 0.9210977744999974
0.737708 0.9382836550000013
0.746025 0.9533103594999993
0.754342 0.9715044169999987
0.762658 0.9887101044999987
0.770975 1.007553686000006
0.779292 1.026981615499998
0.787608 1.0485109409999995
0.795925 1.0683247024999976
0.804242 1.089193442500003
0.812558 1.101789891999999
0.820875 1.1126643094999977
0.829192 1.1181806375000016
0.837508 1.1216889559999992
0.845825 1.1214339349999993
0.854142 1.119940239999998
0.862458 1.1149930304999989
0.870775 1.1082863959999998
0.879092 1.101644511999999
0.887408 1.0936369695
0.895725 1.0863613819999967
0.904042 1.0782626890000004
0.912358 1.0682353379999785
0.920675 1.0597224519999988
0.928992 1.0513838519999996
0.937308 1.0417741259999969
0.945625 1.0334587099999963
0.953942 1.0252487019999923
0.962258 1.017965714000002
0.970575 1.0114144619999976
0.978892 1.0029127230000003
0.987208 0.9978117700000051
0.995525 0.9918625154999995
1.003842 0.986172877
1.012158 0.9820294859999993
1.020475 0.9785975250000033
1.028792 0.9746600079999995
1.037108 0.9732174090000014
1.045425 0.9703847489999998
1.053742 0.9682476794999975
1.062058 0.9679826769999994
1.070375 0.9669533134999997
1.078692 0.9674395809999972
1.087008 0.9679537689999937
1.095325 0.9683604514999998
1.103642 0.9695186140000165
1.111958 0.9713595184999991
1.120275 0.973603483499999
1.128592 0.9756106305000005
1.136908 0.9791615614999981
1.145225 0.9816137334999991
1.153542 0.9850065905000013
1.161858 0.9876245464999998
1.170175 0.9907616020000004
1.178492 0.9928918504999997
1.186808 0.9947025335000061
1.195125 0.998398917999999
1.203442 1.0011967524999952
1.211758 1.002773027499999
1.220075 1.0038317739999991
1.228392 1.004851149
1.236708 1.0063473734999993
1.245025 1.008684565499998
1.253342 1.0090939930000025
1.261658 1.00932753
1.269975 1.0098406385
1.278292 1.009756409000001
1.286608 1.0096385240000012
1.294925 1.0086872620000016
1.303242 1.0078651014999995
1.311558 1.007673405500014
1.319875 1.0071503779999986
1.328192 1.0067310559999987
1.336508 1.0056348530000006
1.344825 1.004376264499998
1.353142 1.0036865874999998
1.361458 1.0027552479999993
1.369775 1.0015325190000013
1.378092 1.0009141789999993
1.386408 1.0001819244999997
1.394725 0.9983868584999991
1.403042 0.9984846865000019
1.411358 0.9970428084999976
1.419675 0.9962707949999997
1.427992 0.9965689245000019
1.436308 0.9959804055000003
1.444625 0.9964891239999998
1.452942 0.9958130160000005
1.461258 0.9950859774999992
1.469575 0.9953991140000025
1.477892 0.9961633739999999
1.486208 0.9958069070000003
1.494525 0.9960308654999991
1.502842 0.9958185159999984
1.511158 0.9963197834999977
1.519475 0.9972698659999959
1.527792 0.9974477370000007
1.536108 0.9975989249999976
1.544425 0.9983733220000011
1.552742 0.9991467410000017
1.561058 1.0001200305000006
1.569375 1.0002464070000012
1.577692 1.0013490930000002
1.586008 1.0014232065000013
1.594325 1.0012740915000036
1.602642 1.0017474894999996
1.610958 1.0018392429999967
1.619275 1.0022313010000001
1.627592 1.0026080315000032
1.635908 1.002602718
1.644225 1.0029343969999989
1.652542 1.0032266295
1.660858 1.0036608090000017
1.669175 1.0033527615000002
1.677492 1.0032245864999991
1.685808 1.0028655750000002
1.694125 1.0021898380000045
1.702442 1.0034298465000038
1.710758 1.00233138399998
1.719075 1.0019550864999975
1.727392 1.0016638865
1.735708 1.0018481865000004
1.744025 1.0010364549999984
1.752342 1.0017143255000016
1.760658 1.000930031500002
1.768975 1.0004997209999997
1.777292 1.0008352665000009
1.785608 0.9999094890000013
1.793925 0.9992311395000004
1.802242 0.9995843005000009
1.810558 0.9996603245000028
1.818875 0.9997669189999991
1.827192 0.9990098420000015
1.835508 0.9995402855000015
1.843825 0.9996313790000007
1.852142 0.9993620365000015
1.860458 0.9990283630000012
1.868775 0.9986272855000011
1.877092 0.9994001950000012
1.885408 0.9991422450000007
1.893725 0.9992185809999992
1.902042 0.9986797959999991
1.910358 0.9990124310000007
1.918675 0.9997896009999999
1.926992 0.9993032839999988
1.935308 0.9993971054999979
1.943625 0.9997716590000014
1.951942 0.9999727180000072
1.960258 0.9993499505
1.968575 0.9996825885000002
1.976892 1.0000392449999997
1.985208 1.0002769040000008
1.993525 1.000589092500001
2.001842 1.0001726654999998
2.010158 0.9998635650000006
2.018475 1.0001529659999988
2.026792 1.0003521784999987
2.035108 1.0002327010000012
2.043425 1.0011701414999958
2.051742 1.0011327285000005
2.060058 1.0002357830000002
2.068375 1.0004721679999984
2.076692 1.0003411810000036
2.085008 1.000558633000004
2.093325 1.0005340749999991
2.101642 1.0005758465000016
2.109958 1.000477233499999
2.118275 1.0002186404999993
2.126592 1.000674207499999
2.134908 1.0000167339999992
2.143225 1.0004237250000003
2.151542 0.9999393755000028
2.159858 1.0000638279999998
2.168175 0.9999439114999998
2.176492 1.0004209255
2.184808 0.999784279
2.193125 0.999751273
2.201442 0.9998640175000029
2.209758 0.999638892000007
2.218075 1.0002049565000004
2.226392 0.9999619019999998
2.234708 0.9998407525000013
2.243025 1.0001767980000011
2.251342 0.9998148425
2.259658 1.000039159500001
2.267975 1.0003033775
2.276292 1.000068209499998
2.284608 1.0000720785000015
2.292925 1.0006583795000021
2.301242 1.0002427135000003
2.309558 1.000095988
2.317875 1.0006545554999973
2.326192 1.000226662
2.334508 0.9999492095000008
2.342825 1.000331616
2.351142 1.000097811999999
2.359458 1.0002284330000004
2.367775 1.0006919409999997
2.376092 1.0004780445
2.384408 0.9999923840000005
2.392725 1.000028789999998
2.401042 1.0004139570000001
2.409358 1.000249448499999
2.417675 1.0001040765000007
2.425992 1.0003399249999994
2.434308 1.000066868000002
2.442625 1.000069560999999
2.450942 1.000118959000001
2.459258 1.0002618879999978
2.467575 1.0007714174999998
2.475892 1.0001757249999998
2.484208 1.0003712344999987
2.492525 0.9999438975000029
2.500842 1.000369033000001
2.509158 1.0004483894999963
2.517475 1.000094691500002
2.525792 1.0002583895000001
2.534108 1.0006130549999992
2.542425 0.9999223480000007
2.550742 1.000219529
2.559058 1.000096762500003
2.567375 0.9998748844999975
2.575692 1.0010330474999976
2.584008 0.9999019505000005
2.592325 1.000415227500002
2.600642 1.0001781839999973
2.608958 1.0004730755000015
2.617275 1.0002869764999982
2.625592 0.9999318305000001
2.633908 0.9998873815000008
2.642225 1.0001675820000018
2.650542 1.0002759075000023
2.658858 1.0005792465000003
2.667175 0.9999184090000007
2.675492 1.000241211000001
2.683808 1.000098076500001
2.692125 1.0003751304999988
2.700442 1.0001961180000003
2.708758 1.0001281485000004
2.717075 1.0004554759999997
2.725392 1.0002176404999996
2.733708 1.000195145499999
2.742025 1.0001952610000004
2.750342 0.9999605470000003
2.758658 1.0001361924999987
2.766975 1.0005901494999987
2.775292 1.000208203
2.783608 1.0002711494999987
2.791925 1.0000244055000018
2.800242 1.0001857844999993
2.808558 1.0004103519999992
2.816875 1.000159982500001
2.825192 1.0001744009999993
2.833508 1.0001167865000022
2.841825 0.9999668529999997
2.850142 1.0001022095000003
2.858458 1.0006046174999992
2.866775 1.0002484664999987
2.875092 1.0001704745000002
2.883408 1.0003151680000026
2.891725 1.0004435505000004
2.900042 1.000408027999999
2.908358 1.0004691490000024
2.916675 1.0000532855000013
2.924992 1.0003533075000015
2.933308 1.0001210859999998
2.941625 1.0002440569999986
2.949942 1.0000205889999993
2.958258 1.0004900949999995
2.966575 1.0002913000000004
2.974892 1.0005965445000007
2.983208 1.000164768
2.991525 0.999907931000002
2.999842 1.0002844045000008
3.008158 1.0001996294999997
3.016475 1.0006410884999997
3.024792 1.0004703345000059
3.033108 1.000210712
3.041425 0.9999420819999977
3.049742 1.0002359855000011
3.058058 1.0000217594999985
3.066375 1.0002328485000014
3.074692 1.0001301405000007
3.083008 0.999954195499999
3.091325 1.000064277500001
3.099642 1.000075024
3.107958 0.9999469025000011
3.116275 1.000535212000001
3.124592 1.0002971379999983
3.132908 1.0002021404999988
3.141225 1.0000327665000035
3.149542 1.0001853664999998
3.157858 0.9996140240000004
3.166175 1.0002130874999993
3.174492 1.0000048444999994
3.182808 1.0000715905000035
3.191125 1.000238711499998
3.199442 0.9998724779999999
3.207758 1.0002686550000002
3.216075 0.9999937615000005
3.224392 1.0000882119999976
3.232708 0.9998264170000001
3.241025 0.9999802490000012
3.249342 1.000392184499999
3.257658 1.0005137489999987
3.265975 1.0001711414999983
3.274292 1.0000820924999982
3.282608 1.0000125845000005
3.290925 0.9999033334999979
3.299242 1.0003409574999993
3.307558 1.0003452359999983
3.315875 1.0002949849999938
3.324192 0.999650715500001
3.332508 1.000138160499999
3.340825 0.9998568755000006
3.349142 1.000255982499999
3.357458 1.0001066435000008
3.365775 0.9997018175000009
3.374092 1.0000927215000013
3.382408 1.0004375700000019
3.390725 1.0002258434999987
3.399042 1.000171026499998
3.407358 1.0001394889999986
3.415675 1.0003929114999992
3.423992 1.0001388075000015
3.432308 1.0002181319999979
3.440625 0.9999071675000004
3.448942 1.0002291600000008
3.457258 1.000201723000002
3.465575 1.0000777834999999
3.473892 1.0001794235
3.482208 1.0002537309999995
3.490525 0.9998399704999988
3.498842 1.0003789319999998
3.507158 1.0001960870000008
3.515475 1.0001156885000002
3.523792 1.0002127435000006
3.532108 1.0002726129999997
3.540425 1.000184592000001
3.548742 1.0004818420000006
3.557058 1.000002123500001
3.565375 1.0001779070000003
3.573692 1.000404498499983
3.582008 1.0006192425000007
3.590325 1.0001410175
3.598642 1.0004084049999997
3.606958 1.000211907999999
3.615275 1.0000397389999989
3.623592 1.000208728000001
3.631908 1.0004420749999983
3.640225 1.0007406214999983
3.648542 1.0001192310000002
3.656858 1.0003792465000003
3.665175 1.0003484290000002
3.673492 1.0004398934999994
3.681808 1.000421451499998
3.690125 1.0003902525000004
3.698442 1.000410820000001
3.706758 1.0001509474999983
3.715075 0.9999190610000003
3.723392 1.0003382460000014
3.731708 1.0002526739999988
3.740025 1.0004857559999976
3.748342 1.0001439865000004
3.756658 1.0002757940000004
3.764975 1.0004109080000017
3.773292 1.0000676300000004
3.781608 1.0003693110000011
3.789925 1.0004817105000001
3.798242 1.0003102389999998
3.806558 1.000280804500001
3.814875 1.0002053900000005
3.823192 1.0002229629999992
3.831508 1.0000555794999986
3.839825 0.9998734454999985
3.848142 0.9998941110000001
3.856458 1.0001148634999995
3.864775 1.0003302479999985
3.873092 1.0001909525000015
3.881408 1.0004184695000014
3.889725 0.9999653195000009
3.898042 0.9998032835000007
3.906358 1.0001225624999968
3.914675 1.0001094260000003
3.922992 1.0003607149999996
3.931308 1.0000508234999996
3.939625 1.0003834740000006
3.947942 1.0000918050000016
3.956258 1.0000860110000007
3.964575 1.0003938219999995
3.972892 1.0003750689999995
3.981208 0.9996746589999999
3.989525 1.0003682919999983
3.997842 1.0001154215000012
4.006158 1.000172371999999
4.014475 1.0003531879999972
4.022792 0.9999969149999999
4.031108 1.000331781500001
4.039425 1.0002562500000014
4.047742 1.0003371765000026
4.056058 0.9999490840000002
4.064375 1.000220575
4.072692 1.0001980765000005
4.081008 0.9999991229999999
4.089325 1.0003112449999998
4.097642 0.9998924555000005
4.105958 1.0002642750000064
4.114275 0.9998870695000001
4.122592 1.0002871519999998
4.130908 0.9998150250000007
4.139225 1.0004087349999986
4.147542 1.000023894499999
4.155858 0.9999936939999997
4.164175 1.000143458499999
4.172492 1.0003391679999987
4.180808 1.0001123539999983
4.189125 1.000237874
4.197442 1.0000449720000024
4.205758 1.0001251345000006
4.214075 1.000164029500001
4.222392 1.0002968599999968
4.230708 1.0000609514999999
4.239025 1.0002558790000002
4.247342 1.0000980280000007
4.255658 1.000332270000001
4.263975 1.0001386230000007
4.272292 1.0003042935000002
4.280608 1.000618173499991
4.288925 1.0004291119999997
4.297242 1.0005423730000003
4.305558 1.0002891349999994
4.313875 1.0002417934999983
4.322192 1.000201207000001
4.330508 1.0000903219999995
4.338825 1.0002766419999982
4.347142 1.0002448314999997
4.355458 1.000208214
4.363775 0.9997692140000015
4.372092 1.0001720385000012
4.380408 1.0000393685000013
4.388725 1.0001972990000019
4.397042 1.0002484849999993
4.405358 1.000212603999999
4.413675 1.0001580914999986
4.421992 1.0000584004999993
4.430308 0.9999895094999997
4.438625 1.0004544954999992
4.446942 1.0000701795000002
4.455258 1.0003171960000001
4.463575 1.000179619500001
4.471892 1.000201397500001
4.480208 1.0002173124999998
4.488525 1.0000813499999994
4.496842 1.0001049975000003
4.505158 1.0000539095000005
4.513475 1.0001320759999996
4.521792 1.0004985975000003
4.530108 1.0001748935000008
4.538425 1.0000560975000004
4.546742 1.0004477025
4.555058 1.0001581874999992
4.563375 1.0002785520000013
4.571692 0.999957366
4.580008 1.0003896475000005
4.588325 1.0004612300000009
4.596642 0.999989368999999
4.604958 1.000356400000001
4.613275 1.000059924000002
4.621592 1.0003692860000026
4.629908 1.0001772929999988
4.638225 1.0001286825000013
4.646542 1.0004604539999995
4.654858 1.0004703404999997
4.663175 1.0003356104999999
4.671492 1.0004780904999988
4.679808 1.0002087370000017
4.688125 0.999880780000001
4.696442 1.0003539770000018
4.704758 1.000166944499999
4.713075 1.0000709029999997
4.721392 1.000276969
4.729708 1.0001843715
4.738025 1.0003688830000013
4.746342 1.0001874270000017
4.754658 1.0001718345000001
4.762975 1.0001533914999994
4.771292 1.0003519734999995
4.779608 1.0000492209999994
4.787925 1.0000878049999993
4.796242 1.0001983590000008
4.804558 1.0001085754999988
4.812875 1.0000842635000062
4.821192 1.0002821345000017
4.829508 1.0001067344999988
4.837825 0.999967684999998
4.846142 1.0003970544999998
4.854458 1.000266651000001
4.862775 1.0000021065000015
4.871092 1.0001003299999995
4.879408 1.0002860474999993
4.887725 1.000305736000004
4.896042 1.0001576079999974
4.904358 1.0000158505000039
4.912675 0.9999344425000016
4.920992 0.9999777800000007
4.929308 1.0003249809999986
4.937625 1.0001991230000007
4.945942 1.0002026409999991
4.954258 1.0000619995000013
4.962575 1.0003496174999988
4.970892 0.9999871240000016
4.979208 1.0002378189999905
4.987525 1.0002072254999999
4.995842 1.0000317519999984
