# r rdf(r)  n_part=13425 rho_ions=0.602214 rho_solvent=6.564403896306457 d0=0.4 d1=0.4 d=0.5 eps=10000 type=01 avg_count=290 rs=2.599306223357547 ldy=0.15388721667557756 box_l=12 lbj=2.79 volume_fraction=0.4699999999999999
0.014992 0.0
0.024975 0.0
0.034958 0.0
0.044942 0.0
0.054925 0.0
0.064908 0.0
0.074892 0.0
0.084875 0.0
0.094858 0.0
0.104842 0.0
0.114825 0.0
0.124808 0.0
0.134792 0.0
0.144775 0.0
0.154758 0.0
0.164742 0.0
0.174725 0.0
0.184708 0.0
0.194692 0.0
0.204675 0.0
0.214658 0.0
0.224642 0.0
0.234625 0.0
0.244608 0.0
0.254592 0.0
0.264575 0.0
0.274558 0.0
0.284542 0.0
0.294525 0.0
0.304508 0.0
0.314492 0.0
0.324475 0.0
0.334458 0.0
0.344442 0.0
0.354425 0.0
0.364408 0.0
0.374392 0.0
0.384375 0.0
0.394358 0.03987913058419241
0.404342 3.915791109965636
0.414325 3.49478810652921
0.424308 3.082646412371132
0.434292 2.7188599003436447
0.444275 2.411507553264607
0.454258 2.1508977079037805
0.464242 1.9613021168384845
0.474225 1.7883159072164958
0.484208 1.5888469621993133
0.494192 1.4326659759450187
0.504175 1.3177280962199314
0.514158 1.1986539518900339
0.524142 1.1337146735395196
0.534125 1.0543759209621988
0.544108 0.9735517182130565
0.554092 0.9050707182130581
0.564075 0.8746908625429561
0.574058 0.8261102336769769
0.584042 0.7937564020618556
0.594025 0.7499721271477665
0.604008 0.7100616151202749
0.613992 0.7141541580755992
0.623975 0.701581463917526
0.633958 0.6953087697594499
0.643942 0.6910860378006873
0.653925 0.6859782405498278
0.663908 0.6827452199312711
0.673892 0.6946937319587628
0.683875 0.6876342061855666
0.693858 0.7035525395189002
0.703842 0.7184737972508592
0.713825 0.7337479037800695
0.723808 0.7482456254295535
0.733792 0.7692319862542958
0.743775 0.8140947731958766
0.753758 0.8407976907216491
0.763742 0.8894972542955325
0.773725 0.915866405498282
0.783708 0.9505676013745711
0.793692 0.9792920137457046
0.803675 0.9821630859106537
0.813658 1.0243815567010306
0.823642 1.0521728900343643
0.833625 1.0626969690721648
0.843608 1.092991030927834
0.853592 1.108996838487973
0.863575 1.117473594501719
0.873558 1.1560115395189001
0.883542 1.1768660412371137
0.893525 1.1884083883161516
0.903508 1.2065934432989691
0.913492 1.2344861512027483
0.923475 1.2121394536082464
0.933458 1.1994337010309288
0.943442 1.1790909518900328
0.953425 1.164474058419244
0.963408 1.1431009140893462
0.973392 1.10723483161512
0.983375 1.076556831615121
0.993358 1.0471920618556703
1.003342 1.0315329759450171
1.013325 1.0100742199312722
1.023308 0.9818696907216483
1.033292 0.9645020618556692
1.043275 0.9598958316151206
1.053258 0.9427303986254297
1.063242 0.9226759278350517
1.073225 0.9305803917525778
1.083208 0.917116711340206
1.093192 0.9068020515463925
1.103175 0.9029536116838486
1.113158 0.8972990996563578
1.123142 0.900219804123711
1.133125 0.9039532783505155
1.143108 0.9047122783505145
1.153092 0.9083970996563577
1.163075 0.914599570446736
1.173058 0.9174765429553269
1.183042 0.9254318969072157
1.193025 0.9259354707903776
1.203008 0.9477833264604824
1.212992 0.9489296632302409
1.222975 0.9641052130584187
1.232958 0.9861372646048113
1.242942 0.9876902817869417
1.252925 0.998946292096221
1.262908 1.0182411924398636
1.272892 1.0208784261168387
1.282875 1.0198340927835041
1.292858 1.036233855670102
1.302842 1.0436759690721644
1.312825 1.057995343642612
1.322808 1.0581862027491402
1.332792 1.0482204536082471
1.342775 1.0569404123711348
1.352758 1.0552174261168397
1.362742 1.0558067972508587
1.372725 1.057704529209623
1.382708 1.0546628350515461
1.392692 1.0506986323024068
1.402675 1.0488045601374567
1.412658 1.0358715979381445
1.422642 1.0348076323024042
1.432625 1.0250963127147772
1.442608 1.0162043745704463
1.452592 1.012158158075601
1.462575 1.0052892061855674
1.472558 1.0080402474226802
1.482542 0.9932976460481094
1.492525 0.9860538797250854
1.502508 0.9803266529209628
1.512492 0.9729458659793817
1.522475 0.9674261718213053
1.532458 0.9590471443298967
1.542442 0.9656740996563569
1.552425 0.9614495154639163
1.562408 0.9540688797250858
1.572392 0.9549945532646033
1.582375 0.9504483402061847
1.592358 0.9617884604810997
1.602342 0.9475444329896899
1.612325 0.9639225498281785
1.622308 0.9612231718213036
1.632292 0.9658125841924395
1.642275 0.9686973573883162
1.652258 0.9668183264604813
1.662242 0.9736086701030925
1.672225 0.9765602817869419
1.682208 0.9837878316151201
1.692192 0.9915247869415804
1.702175 0.9915660618556699
1.712158 0.9944741718213062
1.722142 0.9975724295532638
1.732125 1.0063711890034368
1.742108 1.0050018487972503
1.752092 1.003911206185568
1.762075 1.0127404570446732
1.772058 1.0122664914089352
1.782042 1.0203219690721648
1.792025 1.0129568247422678
1.802008 1.0203263470790378
1.811992 1.016763419243986
1.821975 1.0157170378006875
1.831958 1.0151536391752576
1.841942 1.0102943333333323
1.851925 1.0093648350515467
1.861908 1.0047433298969064
1.871892 1.0021571890034362
1.881875 1.0071666666666672
1.891858 1.0111360515463914
1.901842 1.0013695395189
1.911825 0.9993277010309285
1.921808 0.9967182474226798
1.931792 0.9934538247422684
1.941775 0.9869947079037795
1.951758 0.985832666666666
1.961742 0.9869015841924403
1.971725 0.9824943333333337
1.981708 0.984520697594503
1.991692 0.9857635910652918
2.001675 0.9843600034364263
2.011658 0.9742578419243991
2.021642 0.986535618556701
2.031625 0.9776469484536086
2.041608 0.9753186116838483
2.051592 0.981436199312714
2.061575 0.9726218797250864
2.071558 0.9815295326460475
2.081542 0.983991934707904
2.091525 0.9905264982817868
2.101508 0.982453154639175
2.111492 0.98741960137457
2.121475 0.9880374192439857
2.131458 0.9937534948453607
2.141442 1.0009204604811
2.151425 0.9954651546391753
2.161408 1.0004643470790386
2.171392 0.9990212302405506
2.181375 1.0060898453608251
2.191358 1.0050752474226803
2.201342 1.0063360515463926
2.211325 1.0172245910652917
2.221308 1.0041978728522336
2.231292 1.0092074329896903
2.241275 1.009123158075602
2.251258 1.0068375945017187
2.261242 1.0078672783505156
2.271225 1.007569941580756
2.281208 1.003881824742268
2.291192 1.0054031477663223
2.301175 1.0067201683848797
2.311158 1.0008219175257724
2.321142 0.9987493092783506
2.331125 0.9992555326460472
2.341108 0.9973100687285218
2.351092 0.9983405463917517
2.361075 0.9930889553264602
2.371058 0.9952633367697585
2.381042 0.9949242474226803
2.391025 0.9904609862542969
2.401008 0.9951217182130586
2.410992 0.9929088831615118
2.420975 0.9929864845360825
2.430958 0.9906862920962207
2.440942 0.9900838900343637
2.450925 0.9906799037800686
2.460908 0.9907576804123722
2.470892 0.9940927353951892
2.480875 0.9935596151202744
2.490858 0.9889411374570454
2.500842 0.9911457903780067
2.510825 0.9872981065292096
2.520808 0.9920102955326455
2.530792 0.9940875120274912
2.540775 0.9918185876288658
2.550758 0.9885343642611681
2.560742 0.9922783230240559
2.570725 0.9968596907216496
2.580708 0.9924345945017179
2.590692 0.9975232542955319
2.600675 1.0010645670103089
2.610658 0.9943265154639177
2.620642 0.9931314020618552
2.630625 1.002346360824742
2.640608 1.0042528109965636
2.650592 1.0035905085910648
2.660575 1.0068835567010301
2.670558 1.0096033848797246
2.680542 1.0067656288659799
2.690525 1.0038275154639176
2.700508 1.009691426116838
2.710492 1.0082660412371127
2.720475 1.0043379484536086
2.730458 1.0075466391752577
2.740442 1.0064014948453615
2.750425 1.0057082233676973
2.760408 1.0085641477663225
2.770392 1.0107097319587623
2.780375 1.007933807560137
2.790358 0.9998648247422688
2.800342 1.0032419656357392
2.810325 1.001303230240551
2.820308 1.001777426116838
2.830292 1.002001907216495
2.840275 1.0042450996563577
2.850258 1.0008085463917518
2.860242 1.0036046735395183
2.870225 1.002652903780069
2.880208 0.9994578213058413
2.890192 0.996669697594501
2.900175 0.997173058419245
2.910158 1.0018080034364258
2.920142 0.9998358969072174
2.930125 0.9944842439862549
2.940108 1.0002984089347082
2.950092 1.0004605085910645
2.960075 0.9962757628865984
2.970058 0.9986010687285222
2.980042 0.998777673539519
2.990025 1.00212478694158
3.000008 0.9978345773195878
3.009992 0.9995088178694155
3.019975 1.0010769450171817
3.029958 0.9998099690721636
3.039942 1.0015866185567017
3.049925 0.9971580034364265
3.059908 0.996054749140894
3.069892 1.0015025360824736
3.079875 0.9982666494845353
3.089858 0.9979200790378011
3.099842 0.9963981993127139
3.109825 1.000674295532646
3.119808 0.993566756013743
3.129792 1.001284044673539
3.139775 1.001413182130584
3.149758 0.9929443024054981
3.159742 1.0012741718213056
3.169725 1.004436587628867
3.179708 1.007315068728522
3.189692 1.003101512027492
3.199675 0.9999490584192446
3.209658 1.0045158281786954
3.219642 0.9982496391752572
3.229625 1.0001821374570445
3.239608 1.0002033333333324
3.249592 1.0043953470790377
3.259575 1.00195624742268
3.269558 1.0011380893470792
3.279542 1.0022280171821298
3.289525 1.0005374948453607
3.299508 1.0009714845360829
3.309492 1.0013580103092776
3.319475 1.0025582096219932
3.329458 1.000093233676977
3.339442 1.001799206185567
3.349425 1.002014907216495
3.359408 1.0011963711340208
3.369392 0.9999466872852237
3.379375 0.9977457766323028
3.389358 1.002112113402062
3.399342 0.998578171821306
3.409325 1.0032490343642617
3.419308 0.9978437182130588
3.429292 1.0001205532646058
3.439275 1.004366594501718
3.449258 1.0038109106529218
3.459242 1.0001204329896902
3.469225 1.003565158075601
3.479208 1.002266759450171
3.489192 1.0037005670103087
3.499175 1.0012170309278352
3.509158 1.0028634673539514
3.519142 1.0025882439862541
3.529125 1.0010937353951879
3.539108 1.000433508591065
3.549092 1.0062805223367692
3.559075 1.0028947663230237
3.569058 1.0030217491408937
3.579042 1.0061460034364267
3.589025 1.0031571408934712
3.599008 1.0035681065292095
3.608992 1.006652003436426
3.618975 1.0039871821305841
3.628958 1.003976439862544
3.638942 1.0058901958762874
3.648925 1.004192319587628
3.658908 1.0043772233676973
3.668892 1.006492257731959
3.678875 1.0022762027491408
3.688858 1.0041929690721652
3.698842 1.0061670721649478
3.708825 0.9991984776632303
3.718808 1.0008839931271474
3.728792 1.0008187216494848
3.738775 1.002605274914089
3.748758 1.0035568316151198
3.758742 1.0017233298969073
3.768725 0.9999320206185578
3.778708 1.002578140893471
3.788692 1.002699525773196
3.798675 1.0017251958762885
3.808658 1.000542505154639
3.818642 1.0018805154639179
3.828625 1.002320979381444
3.838608 1.000176295532647
3.848592 1.0033158075601374
3.858575 0.9999114673539521
3.868558 1.002222962199312
3.878542 1.002459113402062
3.888525 1.0019488075601373
3.898508 0.9982205292096209
3.908492 1.0004042474226804
3.918475 1.0005985257731955
3.928458 0.9997477147766325
3.938442 0.9986476907216498
3.948425 1.0002579828178684
3.958408 0.9984636288659791
3.968392 0.9996201546391761
3.978375 1.0021709999999997
3.988358 1.0002574673539517
3.998342 0.9999351752577323
4.008325 0.9985788419243979
4.018308 0.9957330996563577
4.028292 0.9967980756013743
4.038275 0.9934532268041244
4.048258 0.9973225292096225
4.058242 0.9971450859106534
4.068225 0.9964638419243986
4.078208 0.9971009106529207
4.088192 0.9986659243986258
4.098175 0.9971194810996563
4.108158 0.9991762405498288
4.118142 0.9979793745704468
4.128125 0.998407378006873
4.138108 0.9983732989690716
4.148092 0.9973506666666662
4.158075 0.9975944914089334
4.168058 1.0013318419243993
4.178042 0.9992170515463924
4.188025 1.0002314054982817
4.198008 0.9973236254295541
4.207992 0.9974859553264604
4.217975 0.9977117113402064
4.227958 0.9956909003436425
4.237942 0.9978293951890028
4.247925 0.9945776735395189
4.257908 0.9936969243986251
4.267892 0.9970649656357391
4.277875 0.9973596391752578
4.287858 0.9985910103092774
4.297842 0.9971730721649483
4.307825 1.0030163333333344
4.317808 0.9966732714776626
4.327792 0.9996873367697588
4.337775 1.000868800687283
4.347758 0.9993277147766325
4.357742 1.002960810996564
4.367725 1.0035692474226803
4.377708 0.9985915257731954
4.387692 0.9991390893470795
4.397675 0.9996217216494848
4.407658 1.001434178694158
4.417642 1.0021256116838497
4.427625 1.0002874467353948
4.437608 1.0047148797250858
4.447592 1.004228178694158
4.457575 1.0048568075601376
4.467558 1.00160510652921
4.477542 1.0047122061855673
4.487525 1.0040816082474224
4.497508 1.0030924536082475
4.507492 1.0024784982817871
4.517475 1.001669628865979
4.527458 1.0008390137457053
4.537442 1.0035043127147767
4.547425 1.0018171340206186
4.557408 1.0033715635738827
4.567392 1.0019966872852235
4.577375 1.002871474226804
4.587358 0.9997523745704462
4.597342 1.0037227147766328
4.607325 1.0035730996563574
4.617308 1.00375139862543
4.627292 1.0050122577319587
4.637275 1.0024404261168371
4.647258 1.0020272714776632
4.657242 1.003026010309278
4.667225 1.004789230240551
4.677208 1.003904560137457
4.687192 1.0026307491408937
4.697175 1.001831752577319
4.707158 1.002055632302406
4.717142 1.0029673814432993
4.727125 1.00147587628866
4.737108 1.000902872852234
4.747092 1.0036208247422678
4.757075 1.0005245463917534
4.767058 1.0030538556701032
4.777042 1.00137504467354
4.787025 1.0008241374570448
4.797008 1.0034086151202746
4.806992 1.0042089209622
4.816975 0.9995481099656357
4.826958 1.0004324261168385
4.836942 1.0024658728522333
4.846925 1.000164426116839
4.856908 1.0009155498281788
4.866892 1.0018088109965642
4.876875 0.9989694570446737
4.886858 1.0011544054982817
4.896842 0.9995828006872851
4.906825 1.0005336632302402
4.916808 0.9977737731958763
4.926792 1.0004101168384893
4.936775 0.99643793814433
4.946758 0.9993902336769768
4.956742 0.9995907560137458
4.966725 0.9981472646048107
4.976708 0.9970036219931276
4.986692 0.9990508247422688
4.996675 0.9986699621993128
5.006658 0.998536859106529
5.016642 0.9970171512027493
5.026625 0.9964437800687288
5.036608 0.998964635738831
5.046592 0.9984359072164958
5.056575 0.9981785670103095
5.066558 0.9990572164948452
5.076542 0.9992484604810992
5.086525 0.998957780068728
5.096508 0.9971180000000006
5.106492 0.9982916323024053
5.116475 0.9981738006872856
5.126458 0.9992309518900342
5.136442 0.9972692302405503
5.146425 0.9984469037800683
5.156408 0.9976843024054985
5.166392 0.9993469003436433
5.176375 0.9988603951890039
5.186358 0.998768048109965
5.196342 0.9994325395188999
5.206325 0.9961914810996562
5.216308 0.9983293505154641
5.226292 0.9979729896907222
5.236275 0.9969430618556699
5.246258 0.9969611099656351
5.256242 0.9975362199312717
5.266225 0.9953310481099661
5.276208 0.9965385601374567
5.286192 0.9949960309278337
5.296175 0.9973307525773198
5.306158 0.9963164329896905
5.316142 0.9975976838487972
5.326125 0.9950639484536083
5.336108 0.9953139690721642
5.346092 0.9949255567010312
5.356075 0.9965109484536082
5.366058 0.9958721065292094
5.376042 0.9953036391752577
5.386025 0.9968600137457042
5.396008 0.9971815223367699
5.405992 0.9968168316151198
5.415975 0.9986459209621996
5.425958 0.9984920206185565
5.435942 0.9952446666666669
5.445925 0.9961984226804113
5.455908 0.9947732405498279
5.465892 0.9975475567010313
5.475875 0.9972070171821307
5.485858 0.9991221065292094
5.495842 0.9986827525773194
5.505825 0.9972500790378005
5.515808 0.9982145120274915
5.525792 0.9984773711340202
5.535775 0.9940611821305829
5.545758 0.9976118350515466
5.555742 0.9981349003436419
5.565725 0.9980527663230241
5.575708 0.9943456632302409
5.585692 0.9963885807560141
5.595675 0.9997023917525775
5.605658 0.9964477457044669
5.615642 0.9974675979381445
5.625625 0.9981661134020624
5.635608 0.9969074432989692
5.645592 0.9976001305841915
5.655575 0.9988074982817867
5.665558 0.9970214570446727
5.675542 0.9979944329896919
5.685525 0.9977234158075597
5.695508 0.9962579553264603
5.705492 0.9987024673539519
5.715475 1.000531481099656
5.725458 0.9982538522336762
5.735442 0.998819512027491
5.745425 0.995491635738831
5.755408 0.99734052233677
5.765392 0.9978933711340201
5.775375 0.9948864673539518
5.785358 0.9952846219931281
5.795342 0.9969017766323015
5.805325 0.9980704261168375
5.815308 0.9982951649484536
5.825292 0.9991406804123709
5.835275 1.0000271855670102
5.845258 0.9993741924398623
5.855242 0.9992178728522336
5.865225 0.9999964432989686
5.875208 0.9998743436426115
5.885192 0.9991193745704471
5.895175 1.0008145154639179
5.905158 0.9988400652920959
5.915142 0.999221288659794
5.925125 0.9990494364261169
5.935108 0.9994966872852225
5.945092 0.9970052783505164
5.955075 1.0000193883161506
5.965058 0.9979932130584196
5.975042 0.9976180824742259
5.985025 0.9997627491408945
5.995008 1.001434285223367
