# r rdf(r)  n_part=1204 rho_ions=0.602214 rho_solvent=0 d0=0.4 d1=0.4 d=0.4 eps=10000 type=00 avg_count=999 rs=2.599306223357547 ldy=0.15388721667557756 box_l=10 lbj=2.79 volume_fraction=0.04036076967016293
0.014158 0.0
0.022475 0.0
0.030792 0.0
0.039108 0.0
0.047425 0.0
0.055742 0.0
0.064058 0.0
0.072375 0.0
0.080692 0.0
0.089008 0.0
0.097325 0.0
0.105642 0.0
0.113958 0.0
0.122275 0.0
0.130592 0.0
0.138908 0.0
0.147225 0.0
0.155542 0.0
0.163858 0.0
0.172175 0.0
0.180492 0.0
0.188808 0.0
0.197125 0.0
0.205442 0.0
0.213758 0.0
0.222075 0.0
0.230392 0.0
0.238708 0.0
0.247025 0.0
0.255342 0.0
0.263658 0.0
0.271975 0.0
0.280292 0.0
0.288608 0.0
0.296925 0.0
0.305242 0.0
0.313558 0.0
0.321875 0.0
0.330192 0.0
0.338508 0.0
0.346825 0.0
0.355142 0.0
0.363458 0.0
0.371775 0.0
0.380092 0.0
0.388408 0.0
0.396725 0.025203824000000024
0.405042 0.13218106700000068
0.413358 0.1362023639999998
0.421675 0.17282484099999929
0.429992 0.1770748540000014
0.438308 0.18941548600000058
0.446625 0.2057610559999993
0.454942 0.22820638599999915
0.463258 0.23487375599999993
0.471575 0.2594846370000023
0.479892 0.2836412250000012
0.488208 0.3095658460000009
0.496525 0.32545665700000054
0.504842 0.3469891010000026
0.513158 0.3649577180000017
0.521475 0.38744767500000066
0.529792 0.41118334900000514
0.538108 0.4356526939999988
0.546425 0.46040143099999464
0.554742 0.4766066020000045
0.563058 0.5026714599999957
0.571375 0.5229779640000046
0.579692 0.5264952060000023
0.588008 0.5634137879999996
0.596325 0.5857368050000017
0.604642 0.6333921680000082
0.612958 0.6327919489999997
0.621275 0.6507704229999982
0.629592 0.6747898909999985
0.637908 0.6952640819999997
0.646225 0.727639777999998
0.654542 0.7669212760000063
0.662858 0.7788556870000017
0.671175 0.7883228019999969
0.679492 0.803052974000005
0.687808 0.8153909570000096
0.696125 0.8496167580000097
0.704442 0.8675126790000042
0.712758 0.8757052610000007
0.721075 0.8978383460000002
0.729392 0.9251028669999979
0.737708 0.9148588230000018
0.746025 0.9485553639999963
0.754342 0.9646570860000024
0.762658 0.9962939720000086
0.770975 1.0237683180000006
0.779292 1.0198880669999988
0.787608 1.0443363720000012
0.795925 1.0386567080000015
0.804242 1.0590736700000027
0.812558 1.0734747969999978
0.820875 1.0982235470000017
0.829192 1.0874589770000027
0.837508 1.077430966000004
0.845825 1.094570409000004
0.854142 1.0890915539999975
0.862458 1.0996897689999996
0.870775 1.0803884299999995
0.879092 1.0813291690000135
0.887408 1.0883584209999952
0.895725 1.088019265000004
0.904042 1.101875547000001
0.912358 1.0782567890000005
0.920675 1.0714694149999993
0.928992 1.0830762619999952
0.937308 1.0883245700000064
0.945625 1.0824559909999991
0.953942 1.0775558599999988
0.962258 1.0859723720000054
0.970575 1.0836681839999995
0.978892 1.0645600190000002
0.987208 1.0650432700000023
0.995525 1.075021578999999
1.003842 1.0626365109999951
1.012158 1.0464329809999993
1.020475 1.0565689080000153
1.028792 1.0562968240000001
1.037108 1.0595857579999999
1.045425 1.048069485999999
1.053742 1.0361640889999977
1.062058 1.0358025279999996
1.070375 1.0317260920000015
1.078692 1.039561689999998
1.087008 1.0317727920000042
1.095325 1.0363120279999996
1.103642 1.0309572560000013
1.111958 1.0185023789999845
1.120275 1.015068218999995
1.128592 1.0090083269999992
1.136908 0.9985561260000009
1.145225 0.9988257169999958
1.153542 1.0014880039999976
1.161858 1.0145905680000002
1.170175 1.005628013000002
1.178492 0.9944931919999996
1.186808 0.9998308599999999
1.195125 1.0014060809999976
1.203442 0.9942600750000027
1.211758 1.0012996999999881
1.220075 1.0070961840000012
1.228392 0.9925941709999986
1.236708 0.9973068480000119
1.245025 0.989623652999999
1.253342 0.9977802820000007
1.261658 0.9857658410000002
1.269975 0.9869009179999975
1.278292 0.995464765000001
1.286608 1.001904444999997
1.294925 1.000337365999999
1.303242 0.9834065880000031
1.311558 1.0018766680000004
1.319875 0.9814268179999981
1.328192 1.0002072319999993
1.336508 0.9940163500000027
1.344825 0.9938678309999969
1.353142 0.9918280010000012
1.361458 1.0038603620000008
1.369775 0.9868586620000032
1.378092 0.9910534830000018
1.386408 0.9927930749999997
1.394725 1.0029041740000024
1.403042 0.9916409119999973
1.411358 1.0050021239999982
1.419675 1.0016071419999983
1.427992 0.9926719740000026
1.436308 0.9973365190000003
1.444625 0.9845431120000013
1.452942 0.996305195000002
1.461258 0.9948803260000009
1.469575 0.993252491999999
1.477892 0.9975068000000032
1.486208 0.9971021349999989
1.494525 0.9956737780000009
1.502842 0.9931385700000009
1.511158 0.9981496149999984
1.519475 0.9946298099999992
1.527792 0.9936199700000039
1.536108 1.0042523159999992
1.544425 0.995084488999998
1.552742 0.9986255850000022
1.561058 0.9988225989999916
1.569375 0.9942989950000012
1.577692 0.9938525720000015
1.586008 0.994159921999999
1.594325 1.0046445830000013
1.602642 0.9998872939999957
1.610958 1.0036734209999993
1.619275 1.0064820039999909
1.627592 1.0034704550000002
1.635908 1.0055472839999997
1.644225 1.0149264240000007
1.652542 1.0032259230000005
1.660858 0.9970963270000018
1.669175 1.004574664999999
1.677492 1.0055780170000002
1.685808 1.0044096390000032
1.694125 1.013923091
1.702442 1.0039314890000013
1.710758 0.9999232200000004
1.719075 1.0025139640000007
1.727392 1.0102379200000042
1.735708 1.0061630529999988
1.744025 1.0076149720000005
1.752342 0.9992963460000003
1.760658 1.000883490999999
1.768975 1.0030221679999969
1.777292 1.0049263529999994
1.785608 0.9998837359999987
1.793925 0.996518253999984
1.802242 1.0036105360000007
1.810558 0.9970578839999974
1.818875 1.001390568000002
1.827192 0.9997575380000004
1.835508 0.9950042190000017
1.843825 0.997701582
1.852142 1.0037488450000014
1.860458 1.001671538000001
1.868775 0.9975012370000017
1.877092 1.0073262389999977
1.885408 1.0008246700000019
1.893725 0.9969503059999988
1.902042 0.9985876479999994
1.910358 1.0054923409999998
1.918675 1.0002139519999986
1.926992 1.0014418750000054
1.935308 1.0036425509999993
1.943625 1.0118736659999996
1.951942 1.0060459469999996
1.960258 0.9960133320000005
1.968575 1.001796536999998
1.976892 1.0072578509999983
1.985208 0.9982724140000009
1.993525 0.9987979390000002
2.001842 1.0011016600000002
2.010158 1.0020897829999993
2.018475 1.0040919719999974
2.026792 1.0061048880000008
2.035108 0.9996482780000008
2.043425 1.0014716859999988
2.051742 1.000870417000001
2.060058 0.9976165010000002
2.068375 1.0056825479999998
2.076692 1.0031259449999992
2.085008 1.0027313520000007
2.093325 0.9960714029999995
2.101642 1.0018792959999991
2.109958 1.0035134710000004
2.118275 1.0042777570000003
2.126592 1.0048006260000013
2.134908 0.9992270340000015
2.143225 1.00519041
2.151542 1.0020388459999976
2.159858 1.0062761140000032
2.168175 1.006829938999997
2.176492 1.0091321779999993
2.184808 1.0035140690000013
2.193125 1.002724657999999
2.201442 1.0000958230000003
2.209758 1.002385153000001
2.218075 0.9964842370000002
2.226392 1.0045580640000071
2.234708 0.9967664270000001
2.243025 1.005326545000001
2.251342 1.0010016580000036
2.259658 1.0033945429999993
2.267975 1.002157335999999
2.276292 0.9954295969999984
2.284608 1.0005081189999998
2.292925 1.0000542010000013
2.301242 0.9990813689999993
2.309558 1.0008731149999988
2.317875 0.9987935010000003
2.326192 1.0017227460000007
2.334508 1.0001787599999994
2.342825 1.0000960760000124
2.351142 0.9993199120000048
2.359458 0.9962969469999912
2.367775 0.9969711630000001
2.376092 0.9952507099999982
2.384408 1.0048427680000003
2.392725 0.9950425520000005
2.401042 1.0014648860000028
2.409358 1.0003125129999997
2.417675 1.0020298529999987
2.425992 0.9988651319999997
2.434308 0.9951221569999995
2.442625 1.000343006999998
2.450942 0.9976776460000001
2.459258 1.004173353000001
2.467575 0.9965646250000009
2.475892 1.0014689030000012
2.484208 0.9951346440000014
2.492525 1.000373037
2.500842 0.999160073999998
2.509158 0.9977479550000017
2.517475 0.9994789950000015
2.525792 0.9960916170000008
2.534108 0.9977679010000005
2.542425 1.0017576110000002
2.550742 1.001690717000001
2.559058 0.9954005220000023
2.567375 0.9961038989999977
2.575692 1.0006840949999996
2.584008 0.9992753390000002
2.592325 0.9973130340000003
2.600642 0.9980144160000011
2.608958 1.0030070579999983
2.617275 1.0000866519999987
2.625592 0.9982879230000008
2.633908 0.9982226279999992
2.642225 1.002146287999998
2.650542 0.9982011800000025
2.658858 1.0015805770000006
2.667175 0.9990097200000015
2.675492 0.9988086069999988
2.683808 0.998935909
2.692125 0.9986484609999988
2.700442 1.0022187850000002
2.708758 1.002230323000001
2.717075 1.0011983570000007
2.725392 0.999562327000001
2.733708 1.003900851
2.742025 1.0036593400000013
2.750342 1.0006963430000007
2.758658 1.005382123
2.766975 0.9979519520000006
2.775292 0.998352608000002
2.783608 0.9960889409999969
2.791925 0.9998330110000019
2.800242 0.9994812849999993
2.808558 0.997017415000001
2.816875 1.0027310410000017
2.825192 1.0025350940000015
2.833508 0.9959076000000004
2.841825 0.9994724349999994
2.850142 1.0045154329999983
2.858458 0.9997596960000007
2.866775 0.9977710549999987
2.875092 0.998802466000002
2.883408 1.0032726239999965
2.891725 1.0009826989999993
2.900042 1.001117509999996
2.908358 0.9974887320000001
2.916675 1.0000715259999995
2.924992 1.0008902060000004
2.933308 1.0015482420000004
2.941625 0.9981424759999936
2.949942 1.0016699579999944
2.958258 0.9981552299999996
2.966575 0.9976871889999994
2.974892 0.9978901339999993
2.983208 0.9992520679999899
2.991525 0.9987394370000017
2.999842 0.998916544999998
3.008158 0.9966214540000001
3.016475 1.0007137550000005
3.024792 0.9977732180000006
3.033108 1.0018588160000008
3.041425 0.9975023330000018
3.049742 0.9985181480000008
3.058058 0.9975683210000011
3.066375 0.999921740999999
3.074692 1.002671596999998
3.083008 0.9997233929999985
3.091325 1.0006003809999993
3.099642 1.000980150000002
3.107958 1.000186068000001
3.116275 1.0012054200000016
3.124592 1.0043072120000018
3.132908 1.0061387160000015
3.141225 1.0021796699999999
3.149542 1.0009517479999992
3.157858 1.0049527110000003
3.166175 0.9975854959999996
3.174492 1.0003433219999998
3.182808 1.0001244049999996
3.191125 1.004771395000001
3.199442 1.0061891749999978
3.207758 1.0039959320000003
3.216075 1.0060512199999998
3.224392 1.0046075220000055
3.232708 1.0055591629999998
3.241025 1.0002037129999999
3.249342 1.0025745699999986
3.257658 1.0006121159999992
3.265975 1.0024152649999971
3.274292 1.0017105699999995
3.282608 1.0025708659999886
3.290925 1.0030775519999986
3.299242 1.0047472389999996
3.307558 1.0042262559999997
3.315875 0.9995895829999982
3.324192 1.0047178370000014
3.332508 1.00341472
3.340825 0.9991075739999993
3.349142 1.0027057120000002
3.357458 1.0022441509999995
3.365775 1.0017749410000012
3.374092 1.0011866180000002
3.382408 1.0012114369999985
3.390725 0.998311909
3.399042 1.0001761710000026
3.407358 0.9983793769999999
3.415675 1.00104024
3.423992 0.999007536
3.432308 0.9978896640000005
3.440625 1.002257748000001
3.448942 0.9951800140000086
3.457258 0.9976905799999993
3.465575 1.0011961749999998
3.473892 0.9966053499999953
3.482208 0.9971330180000008
3.490525 1.003748201000001
3.498842 0.9970593209999983
3.507158 1.0039597069999981
3.515475 1.0013465160000006
3.523792 0.999274963999997
3.532108 1.003041435000001
3.540425 1.0037779869999983
3.548742 0.9997844039999996
3.557058 0.9988100649999984
3.565375 1.0037800529999987
3.573692 1.002712537999998
3.582008 0.9999415870000001
3.590325 0.997755848999998
3.598642 1.0020737289999988
3.606958 0.9999868310000015
3.615275 1.001878424999999
3.623592 1.0006161839999983
3.631908 1.0008466709999997
3.640225 1.0011324699999997
3.648542 0.9972927720000009
3.656858 0.9976385819999997
3.665175 1.002034526999999
3.673492 1.0018650410000005
3.681808 0.9982765639999999
3.690125 0.9995268170000017
3.698442 0.9989924549999999
3.706758 0.9997347120000015
3.715075 1.0027673669999984
3.723392 0.9973847490000005
3.731708 1.0008520320000016
3.740025 0.9966969590000003
3.748342 1.003283001
3.756658 1.000037558999999
3.764975 1.0029416930000015
3.773292 1.0019800799999994
3.781608 1.000359421000001
3.789925 1.0006910759999994
3.798242 0.9997893250000004
3.806558 0.9981376159999996
3.814875 0.9988458509999981
3.823192 0.9977074800000011
3.831508 1.001498404999997
3.839825 0.9988007249999985
3.848142 1.0030034790000006
3.856458 0.999670917999998
3.864775 0.9963999479999992
3.873092 0.998609646
3.881408 0.9977791280000003
3.889725 0.998844733000001
3.898042 0.997688722000001
3.906358 0.9986790720000016
3.914675 0.9998831000000009
3.922992 0.9958888490000006
3.931308 1.0033191399999921
3.939625 0.996310097
3.947942 0.997845256
3.956258 0.9981827269999992
3.964575 0.9963683339999991
3.972892 0.9975126620000005
3.981208 1.0006243529999983
3.989525 0.9987565040000025
3.997842 0.9984045850000003
4.006158 1.0012833829999992
4.014475 0.9967648370000008
4.022792 0.9975896489999994
4.031108 1.0004596830000023
4.039425 0.9961885710000081
4.047742 1.0014160309999989
4.056058 0.9957510560000021
4.064375 1.001023352999999
4.072692 1.0002142310000026
4.081008 0.9993811050000005
4.089325 0.9993815619999995
4.097642 0.9994808089999996
4.105958 0.9992134550000006
4.114275 1.0014086059999994
4.122592 1.000338167000001
4.130908 1.0013915130000015
4.139225 1.0003166449999992
4.147542 1.0006475459999988
4.155858 0.999087396999999
4.164175 0.9981814480000007
4.172492 1.0006379929999987
4.180808 0.9979863730000014
4.189125 1.0004175170000003
4.197442 0.9994261410000017
4.205758 0.9986381549999996
4.214075 1.0015419039999984
4.222392 1.0001725650000013
4.230708 1.0023967400000005
4.239025 1.0031946539999996
4.247342 1.0029229440000016
4.255658 1.0028679560000002
4.263975 1.0032012620000015
4.272292 0.9997687720000008
4.280608 1.0024085519999992
4.288925 1.0003937910000005
4.297242 1.0006527949999993
4.305558 1.0023346619999987
4.313875 1.0009861700000002
4.322192 1.0031373670000006
4.330508 0.999928271000001
4.338825 1.0005632179999995
4.347142 1.0013678569999995
4.355458 1.0011078819999992
4.363775 0.999767743
4.372092 1.0000105319999995
4.380408 1.0031303829999985
4.388725 0.998659288999999
4.397042 1.0008681999999998
4.405358 0.998411928999999
4.413675 1.0026354759999998
4.421992 1.0012236429999997
4.430308 1.002671904999999
4.438625 1.000045543999999
4.446942 0.9979614760000006
4.455258 0.9988144999999997
4.463575 1.0047381970000009
4.471892 1.000729430000001
4.480208 1.0023958680000002
4.488525 1.0020294269999992
4.496842 1.0013815950000007
4.505158 1.0006925590000038
4.513475 0.9995500789999991
4.521792 1.0001838120000008
4.530108 1.0028319789999993
4.538425 0.9987285729999996
4.546742 0.998555356999999
4.555058 1.0011044629999999
4.563375 0.9994297979999986
4.571692 1.001078503000001
4.580008 1.00041152699998
4.588325 0.9981524100000003
4.596642 0.9993400770000008
4.604958 0.9995125980000015
4.613275 0.9996798360000022
4.621592 0.9976130689999909
4.629908 0.9953992859999997
4.638225 0.9990908019999983
4.646542 0.9998120910000011
4.654858 0.9964672340000003
4.663175 0.9982040940000019
4.671492 0.9952832210000008
4.679808 0.9986972200000007
4.688125 0.9993228220000016
4.696442 0.9984197400000006
4.704758 0.9966589579999996
4.713075 1.0015454339999998
4.721392 0.9989787199999994
4.729708 1.0018668629999996
4.738025 0.9970474659999988
4.746342 0.9988838210000038
4.754658 1.000663833000001
4.762975 1.0001380729999998
4.771292 0.9979254020000018
4.779608 0.998632455
4.787925 0.9987379010000006
4.796242 0.9973328989999996
4.804558 0.9997788020000008
4.812875 0.999662615999998
4.821192 0.9977732279999992
4.829508 0.997832058999999
4.837825 0.9978100309999999
4.846142 0.9975818509999997
4.854458 1.0024892249999984
4.862775 0.9989781050000004
4.871092 0.9983027659999999
4.879408 1.0002099819999968
4.887725 0.9971013380000013
4.896042 0.999930363999987
4.904358 0.9998734749999991
4.912675 0.9993620009999992
4.920992 0.9950761330000011
4.929308 0.9998146969999991
4.937625 0.999716789
4.945942 0.9992181569999998
4.954258 1.0027039530000006
4.962575 1.0026878610000012
4.970892 1.0005492479999993
4.979208 0.9980843370000011
4.987525 1.0000828310000007
4.995842 0.9978537299999988
