# r rdf(r)  n_part=9636 rho_ions=4.817712 rho_solvent=0 d0=0.4 d1=0.4 d=0.4 eps=10000 type=00 avg_count=1239 rs=7.351948227666064 ldy=0.054407347224612226 box_l=10 lbj=2.79 volume_fraction=0.32288615736130344
0.014158 0.0
0.022475 0.0
0.030792 0.0
0.039108 0.0
0.047425 0.0
0.055742 0.0
0.064058 0.0
0.072375 0.0
0.080692 0.0
0.089008 0.0
0.097325 0.0
0.105642 0.0
0.113958 0.0
0.122275 0.0
0.130592 0.0
0.138908 0.0
0.147225 0.0
0.155542 0.0
0.163858 0.0
0.172175 0.0
0.180492 0.0
0.188808 0.0
0.197125 0.0
0.205442 0.0
0.213758 0.0
0.222075 0.0
0.230392 0.0
0.238708 0.0
0.247025 0.0
0.255342 0.0
0.263658 0.0
0.271975 0.0
0.280292 0.0
0.288608 0.0
0.296925 0.0
0.305242 0.0
0.313558 0.0
0.321875 0.0
0.330192 0.0
0.338508 0.0
0.346825 0.0
0.355142 0.0
0.363458 0.0
0.371775 0.0
0.380092 0.0
0.388408 0.0
0.396725 0.15424060403225798
0.405042 0.8721129991935516
0.413358 0.8914254556451621
0.421675 0.9155852419354885
0.429992 0.9358676612903238
0.438308 0.9589675919354854
0.446625 0.9701133516129046
0.454942 0.9840194258064511
0.463258 0.9949224524193576
0.471575 1.0042147645161288
0.479892 1.0125366451612903
0.488208 1.0152105766129031
0.496525 1.0185440096774205
0.504842 1.021199875806451
0.513158 1.0239554677419358
0.521475 1.0244815653225816
0.529792 1.0232856846774214
0.538108 1.0233432709677435
0.546425 1.0207941604838697
0.554742 1.0192873233871018
0.563058 1.013092119354838
0.571375 1.0110985258064524
0.579692 1.0089379508064498
0.588008 1.010533027419353
0.596325 1.0076604499999984
0.604642 1.005984884677419
0.612958 1.0040781838709683
0.621275 1.0025997508064513
0.629592 0.9988303806451595
0.637908 1.002682416129034
0.646225 1.0035273346774187
0.654542 1.0041269024193569
0.662858 1.0073968370967745
0.671175 1.012467704032259
0.679492 1.014465258064514
0.687808 1.0176070927419323
0.696125 1.024211312903226
0.704442 1.0307229951612902
0.712758 1.039047672580645
0.721075 1.0480335814516122
0.729392 1.0582954096774198
0.737708 1.065581204032258
0.746025 1.0778869209677422
0.754342 1.0893050548387087
0.762658 1.1032137758064526
0.770975 1.1162049645161287
0.779292 1.1277263935483892
0.787608 1.144508254838708
0.795925 1.1584870596774186
0.804242 1.1750632661290341
0.812558 1.1821346467741933
0.820875 1.1798711209677408
0.829192 1.1717384612903208
0.837508 1.1611651854838687
0.845825 1.1475566508064523
0.854142 1.133460532258063
0.862458 1.1180981895161295
0.870775 1.0997612862903237
0.879092 1.083840608064516
0.887408 1.0663194846774193
0.895725 1.0516436838709668
0.904042 1.0347839798387082
0.912358 1.022481168548383
0.920675 1.0096510403225805
0.928992 0.9976391387096785
0.937308 0.9851388048387079
0.945625 0.9743058846774196
0.953942 0.9640332596774237
0.962258 0.9567737911290329
0.970575 0.9496523354838728
0.978892 0.9418932556451615
0.987208 0.9357649274193549
0.995525 0.9300680169354845
1.003842 0.9280013483870965
1.012158 0.9236224427419324
1.020475 0.9221180306451613
1.028792 0.9194682701612923
1.037108 0.9190708096774184
1.045425 0.9191603556451609
1.053742 0.9197548217741915
1.062058 0.920908941129033
1.070375 0.9235373556451608
1.078692 0.9255332185483863
1.087008 0.92974854516129
1.095325 0.9314321572580653
1.103642 0.9359983653225824
1.111958 0.938624237096775
1.120275 0.946279291935483
1.128592 0.95009670967742
1.136908 0.9571607491935473
1.145225 0.9604460685483873
1.153542 0.9668236524193543
1.161858 0.9712609249999988
1.170175 0.977505162096775
1.178492 0.9834535411290325
1.186808 0.9894504306451739
1.195125 0.994960875
1.203442 0.9987974870967744
1.211758 1.0037061725806444
1.220075 1.0080576467741926
1.228392 1.0115936870967739
1.236708 1.015443761290322
1.245025 1.0178243548387091
1.253342 1.0218169419354863
1.261658 1.021755679032257
1.269975 1.0247373282258068
1.278292 1.0271237629032262
1.286608 1.0284194411290326
1.294925 1.0283551451612887
1.303242 1.0293692008064512
1.311558 1.028860479032263
1.319875 1.0289343709677423
1.328192 1.0281235725806444
1.336508 1.0273883669354837
1.344825 1.0266900709677396
1.353142 1.025066183064526
1.361458 1.0243297629032242
1.369775 1.0228256991935487
1.378092 1.0216428129032247
1.386408 1.0200997887096774
1.394725 1.0181249758064528
1.403042 1.0181083854838697
1.411358 1.016695836290322
1.419675 1.013930297580645
1.427992 1.0130158596774197
1.436308 1.0114598459677417
1.444625 1.0099912822580652
1.452942 1.008955824193549
1.461258 1.0071793088709686
1.469575 1.0057058911290315
1.477892 1.0050764419354845
1.486208 1.0039666362903217
1.494525 1.0020942830645165
1.502842 1.001889743548386
1.511158 1.0003217927419346
1.519475 0.9993472935483869
1.527792 0.9993873362903212
1.536108 0.9981761443548389
1.544425 0.9973138177419364
1.552742 0.9967122516129039
1.561058 0.9960735459677421
1.569375 0.996154359677419
1.577692 0.9959224096774189
1.586008 0.995516054032257
1.594325 0.9941891153225824
1.602642 0.9945572258064515
1.610958 0.9931731016129031
1.619275 0.9935504830645141
1.627592 0.9942019564516135
1.635908 0.9934771370967744
1.644225 0.9932952669354828
1.652542 0.993570916129034
1.660858 0.9933403620967746
1.669175 0.9938593475806473
1.677492 0.9929720500000007
1.685808 0.9936694975806454
1.694125 0.993771566935486
1.702442 0.9935681750000022
1.710758 0.9940630177419293
1.719075 0.9940440459677412
1.727392 0.9945213435483886
1.735708 0.99416736048387
1.744025 0.9947208822580635
1.752342 0.994966600806451
1.760658 0.9947696564516132
1.768975 0.9945763951612903
1.777292 0.9954224161290341
1.785608 0.9963337387096768
1.793925 0.996369482258065
1.802242 0.9971456104838713
1.810558 0.9970453395161296
1.818875 0.9981918072580634
1.827192 0.998629430645161
1.835508 0.9985480080645155
1.843825 0.999114124193548
1.852142 0.9991913903225802
1.860458 1.000217301612901
1.868775 1.0000252564516137
1.877092 0.9999464290322587
1.885408 1.0010160403225814
1.893725 1.0003954806451607
1.902042 1.001485967741936
1.910358 1.0019736806451627
1.918675 1.001983568548388
1.926992 1.0022990790322572
1.935308 1.002064220161291
1.943625 1.0033955379032273
1.951942 1.003308587096779
1.960258 1.0036763806451623
1.968575 1.0032528153225808
1.976892 1.0037228741935476
1.985208 1.0041817459677445
1.993525 1.0035788838709685
2.001842 1.003392740322582
2.010158 1.0034580419354824
2.018475 1.0040555217741922
2.026792 1.0036987145161307
2.035108 1.0023641701612882
2.043425 1.0040736354838697
2.051742 1.0040055854838696
2.060058 1.0026335774193544
2.068375 1.0031287717741932
2.076692 1.0025275080645184
2.085008 1.0024992443548384
2.093325 1.0021892330645157
2.101642 1.002638150000001
2.109958 1.0019359548387097
2.118275 1.0024555612903219
2.126592 1.0015193967741938
2.134908 1.0014404112903244
2.143225 1.0007927879032246
2.151542 1.0006544403225806
2.159858 1.0008426362903224
2.168175 1.0003364967741937
2.176492 1.000584566129032
2.184808 0.9999548306451606
2.193125 1.0003414943548385
2.201442 0.9998623064516114
2.209758 0.9999597967741999
2.218075 0.9998196209677409
2.226392 0.9990075870967754
2.234708 0.9989244403225834
2.243025 0.9990650016129029
2.251342 0.9985455717741929
2.259658 0.9987474435483881
2.267975 0.9983772080645166
2.276292 0.9991706161290335
2.284608 0.9987576282258047
2.292925 0.999038813709678
2.301242 0.998165638709676
2.309558 0.9986395903225831
2.317875 0.9983168870967745
2.326192 0.9982294717741955
2.334508 0.998223271774195
2.342825 0.998333353225807
2.351142 0.9976499395161269
2.359458 0.9987725387096783
2.367775 0.9987399701612905
2.376092 0.9985940854838713
2.384408 0.9995865717741937
2.392725 0.9991668588709665
2.401042 0.9990506677419368
2.409358 0.9990078991935478
2.417675 0.9987159145161276
2.425992 0.9994372709677419
2.434308 0.9994969564516124
2.442625 1.0002876314516125
2.450942 1.0000566806451614
2.459258 1.0001062806451604
2.467575 0.9998280935483873
2.475892 0.9998344104838726
2.484208 1.0000390943548385
2.492525 1.0006699709677422
2.500842 1.0010133306451607
2.509158 1.0007644879032243
2.517475 1.0003805717741927
2.525792 1.0010819629032257
2.534108 1.000739738709678
2.542425 1.0007963532258053
2.550742 1.0006890685483867
2.559058 1.0009851701612902
2.567375 1.000719534677419
2.575692 1.0004637153225806
2.584008 1.0012101701612883
2.592325 1.0005666427419364
2.600642 1.001230612903226
2.608958 1.0011417887096774
2.617275 1.0010442556451622
2.625592 1.0008714637096792
2.633908 1.000830575806451
2.642225 1.0012957806451617
2.650542 1.0006347258064505
2.658858 1.0007453040322591
2.667175 1.0006411056451614
2.675492 1.0006851169354845
2.683808 1.0007805758064492
2.692125 1.0009527983870967
2.700442 0.9999961822580674
2.708758 1.0007577129032248
2.717075 1.0004321161290297
2.725392 1.0008160999999975
2.733708 1.0006114411290337
2.742025 1.0006362701612908
2.750342 1.0001655806451615
2.758658 1.0006486991935464
2.766975 1.0002000516129035
2.775292 1.0000370008064507
2.783608 1.0001008508064517
2.791925 1.0004626717741911
2.800242 1.0002506612903228
2.808558 1.000109941129034
2.816875 1.000051978225809
2.825192 1.0000293717741935
2.833508 0.9996565975806456
2.841825 0.9995798935483869
2.850142 0.9998266169354858
2.858458 0.9997634137096784
2.866775 0.9995918983870972
2.875092 0.9998815354838714
2.883408 0.9999268370967753
2.891725 0.9998129911290315
2.900042 1.0003763612903234
2.908358 1.0003453838709684
2.916675 0.9995744548387098
2.924992 0.9998038983870968
2.933308 0.9997838322580657
2.941625 1.0000833637096764
2.949942 0.999990267741934
2.958258 1.0000994822580656
2.966575 0.999838233870967
2.974892 0.999953028225807
2.983208 1.0001396120967754
2.991525 1.0000876064516144
2.999842 0.9998952693548389
3.008158 0.9999595354838697
3.016475 1.0005963354838707
3.024792 1.0000565088709636
3.033108 0.9997075516129028
3.041425 1.0004212282258043
3.049742 1.0001664354838715
3.058058 1.0000647911290317
3.066375 1.0003382330645154
3.074692 1.0002519564516126
3.083008 1.0004864040322565
3.091325 1.0002942322580666
3.099642 0.9998588032258061
3.107958 1.000193395967742
3.116275 1.0001419161290332
3.124592 1.00017298951613
3.132908 0.9997985024193549
3.141225 0.9996302766129025
3.149542 1.0000321435483877
3.157858 1.0000307580645151
3.166175 0.9998904967741926
3.174492 1.000538804032256
3.182808 1.0001070185483871
3.191125 1.0000273177419354
3.199442 1.0003898451612894
3.207758 1.0004018427419354
3.216075 1.000429521774193
3.224392 0.9998457080645168
3.232708 0.999886412903226
3.241025 1.0004123467741939
3.249342 1.0007999508064511
3.257658 1.00043480403226
3.265975 1.000818154032258
3.274292 1.0002062491935486
3.282608 1.0001555701612899
3.290925 1.0006867346774182
3.299242 1.0009988032258055
3.307558 1.0007902354838731
3.315875 1.0000315532258022
3.324192 1.0002446032258057
3.332508 1.0001447967741959
3.340825 0.9999853508064517
3.349142 1.0003260249999988
3.357458 1.0004661919354825
3.365775 0.9999543862903228
3.374092 1.0001899145161288
3.382408 1.0005630814516122
3.390725 1.0003457112903233
3.399042 1.0007907879032263
3.407358 1.0004586903225812
3.415675 1.0004322556451597
3.423992 1.0003985032258071
3.432308 1.0003107959677433
3.440625 0.9999566362903227
3.448942 1.0005325274193546
3.457258 1.0004766314516131
3.465575 1.0000628032258054
3.473892 1.0002930346774201
3.482208 1.000037468548387
3.490525 1.0004163443548382
3.498842 1.00016388145161
3.507158 1.000450881451614
3.515475 1.0002907225806452
3.523792 1.0001067072580634
3.532108 0.9998453903225799
3.540425 1.00022033467742
3.548742 1.0001248177419357
3.557058 0.9997531870967744
3.565375 0.9997043637096767
3.573692 1.000347346774188
3.582008 0.9999419516129029
3.590325 0.9999343516129021
3.598642 1.000105058064517
3.606958 0.9998600822580647
3.615275 1.0000337274193543
3.623592 0.9999367790322574
3.631908 0.9997526250000006
3.640225 0.9997644733870966
3.648542 0.9999600685483863
3.656858 0.9999271000000002
3.665175 1.0001823911290322
3.673492 1.0000550306451603
3.681808 1.000031985483871
3.690125 0.9997150201612899
3.698442 0.999949018548387
3.706758 1.000227321774194
3.715075 0.9999153346774196
3.723392 1.0001621346774185
3.731708 1.0002758741935496
3.740025 0.9997217217741942
3.748342 1.0004603395161271
3.756658 0.9999111612903228
3.764975 1.0001228354838692
3.773292 1.000156094354838
3.781608 1.0002900717741936
3.789925 1.0000514903225803
3.798242 1.0004665258064518
3.806558 1.0001551314516144
3.814875 1.0003347387096755
3.823192 1.0004525943548386
3.831508 1.000481156451611
3.839825 1.0002546943548387
3.848142 1.000277896774191
3.856458 1.0007091072580652
3.864775 1.0005162556451597
3.873092 1.000712058064515
3.881408 1.0001809169354847
3.889725 1.000407837903226
3.898042 0.9996747209677437
3.906358 1.0002000274193563
3.914675 1.0006550750000025
3.922992 1.0003333653225794
3.931308 1.0007945782258076
3.939625 1.0004172741935484
3.947942 1.0002588540322574
3.956258 1.0003196032258066
3.964575 1.0004861467741928
3.972892 1.0005792677419356
3.981208 1.0002319427419362
3.989525 1.0001268153225813
3.997842 0.9999246540322572
4.006158 1.0004443887096788
4.014475 1.0002946903225802
4.022792 1.0001903080645167
4.031108 1.0002694072580645
4.039425 1.0001826846774193
4.047742 1.000504474999998
4.056058 1.0002288483870965
4.064375 1.0001027967741931
4.072692 1.0003208556451606
4.081008 0.9999362854838707
4.089325 1.0005451169354826
4.097642 0.9999911999999999
4.105958 1.0000502564516152
4.114275 1.0000186258064516
4.122592 0.9998079766129035
4.130908 1.0002765427419371
4.139225 0.9999123298387084
4.147542 1.000003970967742
4.155858 0.999953200806451
4.164175 1.0002447701612893
4.172492 1.0001794266129032
4.180808 0.9997196362903229
4.189125 1.0004424612903222
4.197442 0.999957391935485
4.205758 1.000347808064516
4.214075 1.000001582258062
4.222392 0.9995840870967764
4.230708 0.9999859000000008
4.239025 1.0004455620967738
4.247342 1.0001274024193574
4.255658 1.0004270790322578
4.263975 0.999910479838709
4.272292 1.0000858008064524
4.280608 1.0000408024193532
4.288925 1.000193062903224
4.297242 1.0000873314516119
4.305558 1.0004198967741935
4.313875 1.0001462427419345
4.322192 0.9998255959677428
4.330508 1.0004974782258065
4.338825 1.0003677862903235
4.347142 1.0001166306451617
4.355458 1.000123968548387
4.363775 0.9999959669354824
4.372092 1.0001964354838708
4.380408 1.0001720862903227
4.388725 0.9999767112903225
4.397042 1.0001192500000007
4.405358 1.0001237693548386
4.413675 1.000206654838712
4.421992 1.0001289314516102
4.430308 1.0003350725806428
4.438625 1.0002810161290314
4.446942 1.0004898653225813
4.455258 1.0003537145161294
4.463575 1.0006690959677422
4.471892 1.0003968516129038
4.480208 1.0005307419354836
4.488525 1.0004842161290328
4.496842 1.0005629451612914
4.505158 1.0001842717741933
4.513475 1.0003614193548385
4.521792 1.0002841177419344
4.530108 1.0004096266129028
4.538425 1.000403806451612
4.546742 1.00007713467742
4.555058 1.0007592669354843
4.563375 1.0002358064516128
4.571692 1.0002747072580642
4.580008 0.9999039524193537
4.588325 1.0005717161290308
4.596642 0.9999315524193545
4.604958 1.0000315790322583
4.613275 1.0003874588709687
4.621592 0.999948879032258
4.629908 1.0001090427419337
4.638225 0.9999091564516123
4.646542 1.000167309677418
4.654858 0.9999715040322584
4.663175 1.0000919758064524
4.671492 0.9998014451612901
4.679808 0.9999204112903222
4.688125 0.9998694104838723
4.696442 0.9997594903225812
4.704758 0.999869246774194
4.713075 1.0000747177419365
4.721392 1.0000882790322592
4.729708 1.0000801620967739
4.738025 1.000404840322581
4.746342 0.9997307499999991
4.754658 1.000173884677419
4.762975 1.000010103225806
4.771292 1.0000944443548399
4.779608 1.0001902282258086
4.787925 1.0002752056451616
4.796242 1.000320982258065
4.804558 1.000076104032261
4.812875 1.0002268653225825
4.821192 1.0001560693548388
4.829508 1.000471493548387
4.837825 1.0005328887096763
4.846142 1.0005709104838711
4.854458 1.0005090064516122
4.862775 1.0002268266129026
4.871092 1.0002632725806457
4.879408 1.0004990790322568
4.887725 1.0003319895161304
4.896042 1.0004652774193554
4.904358 1.0004108935483882
4.912675 1.000246416935484
4.920992 1.0001011758064515
4.929308 1.0003790798387087
4.937625 1.0001075967741948
4.945942 1.000503180645161
4.954258 1.0003695588709656
4.962575 1.000270400806451
4.970892 1.0004017967741925
4.979208 1.0000819790322544
4.987525 1.0004119911290326
4.995842 1.000235707258066
