# r rdf(r)  n_part=3614 rho_ions=1.806642 rho_solvent=0 d0=0.4 d1=0.4 d=0.4 eps=10000 type=11 avg_count=999 rs=2.599306223357547 ldy=0.15388721667557756 box_l=10 lbj=0.93 volume_fraction=0.12108230901048878
0.014158 0.0
0.022475 0.0
0.030792 0.0
0.039108 0.0
0.047425 0.0
0.055742 0.0
0.064058 0.0
0.072375 0.0
0.080692 0.0
0.089008 0.0
0.097325 0.0
0.105642 0.0
0.113958 0.0
0.122275 0.0
0.130592 0.0
0.138908 0.0
0.147225 0.0
0.155542 0.0
0.163858 0.0
0.172175 0.0
0.180492 0.0
0.188808 0.0
0.197125 0.0
0.205442 0.0
0.213758 0.0
0.222075 0.0
0.230392 0.0
0.238708 0.0
0.247025 0.0
0.255342 0.0
0.263658 0.0
0.271975 0.0
0.280292 0.0
0.288608 0.0
0.296925 0.0
0.305242 0.0
0.313558 0.0
0.321875 0.0
0.330192 0.0
0.338508 0.0
0.346825 0.0
0.355142 0.0
0.363458 0.0
0.371775 0.0
0.380092 0.0
0.388408 0.0
0.396725 0.11132191699999931
0.405042 0.6219843280000001
0.413358 0.6362286150000007
0.421675 0.6532624110000029
0.429992 0.6632189779999986
0.438308 0.6805028490000001
0.446625 0.6949050420000001
0.454942 0.7024542110000006
0.463258 0.7133626979999983
0.471575 0.7193272870000006
0.479892 0.7395525679999988
0.488208 0.7473166110000002
0.496525 0.7538407799999975
0.504842 0.7671714530000032
0.513158 0.7748176210000001
0.521475 0.7854064840000005
0.529792 0.7930525160000039
0.538108 0.8043706979999996
0.546425 0.8059761900000008
0.554742 0.8129745809999989
0.563058 0.8164735290000009
0.571375 0.8298793970000014
0.579692 0.8307905709999985
0.588008 0.8463109820000003
0.596325 0.8421960839999996
0.604642 0.8539451780000011
0.612958 0.8624721290000029
0.621275 0.8634638849999997
0.629592 0.8701827059999987
0.637908 0.8761878979999963
0.646225 0.8817099550000012
0.654542 0.8906258930000022
0.662858 0.8972313659999998
0.671175 0.8963519120000011
0.679492 0.9066387180000013
0.687808 0.9160574570000003
0.696125 0.9172795510000006
0.704442 0.9232582129999974
0.712758 0.9257779789999974
0.721075 0.9310943190000003
0.729392 0.940348760000002
0.737708 0.9511280490000021
0.746025 0.9563806870000073
0.754342 0.9590385540000012
0.762658 0.9658197959999992
0.770975 0.9714751819999989
0.779292 0.9754248840000003
0.787608 0.9876224489999991
0.795925 0.9914171789999998
0.804242 0.9957872880000029
0.812558 0.9996385330000016
0.820875 1.003286657
0.829192 1.0150825740000005
0.837508 1.0113919579999961
0.845825 1.020280337000002
0.854142 1.0189068210000018
0.862458 1.022197310999999
0.870775 1.0213487120000013
0.879092 1.029629123000003
0.887408 1.0250974380000006
0.895725 1.0295819909999977
0.904042 1.0335063950000014
0.912358 1.0239859509999998
0.920675 1.0323977880000021
0.928992 1.028427813000001
0.937308 1.028520271
0.945625 1.029125943000002
0.953942 1.0212351379999995
0.962258 1.027065592
0.970575 1.0307229830000013
0.978892 1.027150391999999
0.987208 1.028365011
0.995525 1.0286384830000013
1.003842 1.0258812150000005
1.012158 1.0213581789999988
1.020475 1.0217615120000005
1.028792 1.0225669329999998
1.037108 1.0213070189999995
1.045425 1.0191743099999993
1.053742 1.0192152860000014
1.062058 1.0173052119999983
1.070375 1.0176089300000064
1.078692 1.0179083280000005
1.087008 1.0172456609999998
1.095325 1.0124142299999996
1.103642 1.0092251899999987
1.111958 1.0059135309999998
1.120275 1.0111719000000003
1.128592 1.0079073299999994
1.136908 1.0075014510000029
1.145225 1.0077700419999993
1.153542 1.0101560560000002
1.161858 1.0008287700000005
1.170175 1.0010421899999984
1.178492 0.9978988500000003
1.186808 1.0032671529999997
1.195125 1.0002898559999986
1.203442 1.0036351089999997
1.211758 1.0051853560000006
1.220075 0.9994857690000023
1.228392 1.0031823910000004
1.236708 1.0037871509999992
1.245025 1.0005941509999956
1.253342 1.0004021060000003
1.261658 1.0022022809999995
1.269975 0.999630255999998
1.278292 0.9994696639999995
1.286608 1.0005969920000017
1.294925 0.9969759330000025
1.303242 0.9979298090000001
1.311558 1.0026621839999983
1.319875 0.9986666690000012
1.328192 0.9979598889999991
1.336508 1.0011622470000001
1.344825 0.9964989420000008
1.353142 0.9984044999999993
1.361458 1.0002398510000006
1.369775 0.9958346919999999
1.378092 0.9983791449999975
1.386408 0.9975786000000016
1.394725 0.9996712470000002
1.403042 1.0028269320000003
1.411358 0.9965776259999996
1.419675 0.9983396240000003
1.427992 1.000263423
1.436308 1.0029286009999996
1.444625 0.9994644469999984
1.452942 0.9986164340000008
1.461258 1.0018341120000056
1.469575 0.9953763850000015
1.477892 0.9989956249999999
1.486208 1.0010195960000001
1.494525 0.9998256999999993
1.502842 0.9984307560000006
1.511158 0.9981895630000014
1.519475 1.0004692590000004
1.527792 0.9995577010000003
1.536108 1.0002027050000004
1.544425 0.9982583970000002
1.552742 0.9989127990000023
1.561058 0.9983440539999989
1.569375 1.0029453909999975
1.577692 0.9987696390000015
1.586008 0.9991882879999996
1.594325 0.9990732759999996
1.602642 0.9976739420000008
1.610958 1.0019826900000024
1.619275 1.0001771200000062
1.627592 0.9992944810000005
1.635908 1.001204725
1.644225 0.999034205999999
1.652542 1.000584260000002
1.660858 0.9985264579999997
1.669175 0.9996822310000003
1.677492 1.0015682759999989
1.685808 0.9992191410000008
1.694125 1.000196058000002
1.702442 1.000311124
1.710758 1.0019133850000002
1.719075 0.999661878
1.727392 1.0032418829999992
1.735708 1.0006872199999997
1.744025 0.9991380230000015
1.752342 0.9981937879999997
1.760658 0.9994738099999949
1.768975 0.9998255679999996
1.777292 1.001766234000001
1.785608 1.0014866250000012
1.793925 1.0014952799999997
1.802242 0.9997478450000001
1.810558 1.0020597770000008
1.818875 1.0007497769999998
1.827192 1.0012574880000096
1.835508 0.99916333
1.843825 1.002107888999999
1.852142 1.0002397390000002
1.860458 1.001346578999998
1.868775 1.0018467459999998
1.877092 0.9996508989999996
1.885408 0.9992247770000006
1.893725 1.0020509630000012
1.902042 1.000768162999999
1.910358 1.0010636410000002
1.918675 1.0024489599999964
1.926992 1.0031998890000011
1.935308 1.0013911680000005
1.943625 0.9988765069999994
1.951942 1.0022367869999995
1.960258 1.0017668930000012
1.968575 1.0035434759999997
1.976892 1.0024503559999998
1.985208 1.0020545220000003
1.993525 0.9995823380000004
2.001842 1.001531320000001
2.010158 1.001800131
2.018475 0.9977458029999993
2.026792 0.9997593790000006
2.035108 0.9995635730000002
2.043425 1.0005748920000002
2.051742 0.9985628859999989
2.060058 1.0000052650000004
2.068375 0.9982340810000014
2.076692 1.0000664639999997
2.085008 1.000807343
2.093325 0.9987267649999997
2.101642 0.9983352079999986
2.109958 0.9984139980000022
2.118275 1.0002734040000008
2.126592 0.999518827000002
2.134908 0.9995664210000013
2.143225 1.0004130100000017
2.151542 0.999647147
2.159858 1.000161876
2.168175 1.0013553520000023
2.176492 1.0000070520000002
2.184808 0.9998614830000001
2.193125 1.0002648449999991
2.201442 1.000183456000001
2.209758 0.9978593040000011
2.218075 0.9985096499999996
2.226392 0.9992407589999998
2.234708 1.0004899449999998
2.243025 0.9993876990000009
2.251342 1.0018493830000004
2.259658 0.9999331229999989
2.267975 1.0004051830000007
2.276292 0.9989752299999993
2.284608 1.0006853020000002
2.292925 1.0022049120000003
2.301242 0.9995594490000005
2.309558 0.9993435520000001
2.317875 0.9996681899999985
2.326192 0.9988941060000002
2.334508 1.001365911999999
2.342825 0.9995564030000003
2.351142 1.001331909
2.359458 1.0003378389999997
2.367775 1.0018684109999996
2.376092 1.0017275829999983
2.384408 0.9998707519999994
2.392725 0.9989363059999995
2.401042 1.0005316710000007
2.409358 1.0005902730000007
2.417675 1.001788106999998
2.425992 0.9989705819999984
2.434308 1.0008804140000003
2.442625 1.0004726780000006
2.450942 1.0008889129999987
2.459258 0.9996225350000001
2.467575 1.000816865999999
2.475892 1.0009939829999985
2.484208 1.0006360829999998
2.492525 1.0013291160000004
2.500842 1.0018660909999995
2.509158 1.0008371589999998
2.517475 1.0018725049999988
2.525792 1.0001692439999996
2.534108 1.0028169670000002
2.542425 1.0006223779999994
2.550742 1.0004503419999993
2.559058 1.0005020469999992
2.567375 1.0001005820000002
2.575692 0.9995924500000001
2.584008 1.000222299999999
2.592325 1.0011515950000005
2.600642 1.000777559
2.608958 0.9995591339999998
2.617275 0.9994128669999994
2.625592 0.9997120120000017
2.633908 0.9991133970000003
2.642225 0.9993912069999995
2.650542 0.9966810259999995
2.658858 1.001334315
2.667175 1.0009306040000006
2.675492 1.000111967000001
2.683808 1.0001187260000004
2.692125 0.9999938459999992
2.700442 1.0009925789999994
2.708758 1.000930043999997
2.717075 1.0016708739999993
2.725392 0.9980821329999997
2.733708 0.999956273
2.742025 1.0021457729999996
2.750342 1.0013362610000005
2.758658 1.0005128549999993
2.766975 1.0023535250000004
2.775292 1.000461723
2.783608 0.999108879000001
2.791925 0.9999473260000009
2.800242 1.0014155539999987
2.808558 0.9999101479999999
2.816875 1.0009155760000001
2.825192 0.9995459549999991
2.833508 0.9993569400000001
2.841825 1.0000583919999995
2.850142 0.9992072239999998
2.858458 0.9998798110000005
2.866775 0.9984100649999983
2.875092 1.0000172510000003
2.883408 0.9996171690000005
2.891725 0.9995922789999997
2.900042 0.9991851989999992
2.908358 1.0000260859999999
2.916675 1.0012092290000005
2.924992 1.0004004409999994
2.933308 1.0009654949999995
2.941625 1.0003642889999989
2.949942 1.000931079999999
2.958258 0.9993630839999994
2.966575 0.999111496
2.974892 1.001354368999999
2.983208 1.0007076140000015
2.991525 0.9999529559999999
2.999842 1.0018694350000001
3.008158 1.0008385600000007
3.016475 0.999574395
3.024792 1.0003124799999985
3.033108 1.0007839300000003
3.041425 1.0004194059999996
3.049742 0.9989356350000106
3.058058 1.0004034390000007
3.066375 1.0014620849999984
3.074692 1.000375132
3.083008 1.001560627999999
3.091325 1.0004275839999996
3.099642 0.9999868369999994
3.107958 0.9996257250000004
3.116275 0.9995591549999996
3.124592 1.0001668519999996
3.132908 0.9996732519999992
3.141225 1.0016501669999989
3.149542 1.0012070199999985
3.157858 1.0018319410000012
3.166175 0.9999545129999997
3.174492 1.0001050609999995
3.182808 1.0007827810000012
3.191125 1.0018135870000004
3.199442 1.0001047579999998
3.207758 1.0007903870000003
3.216075 1.0006663169999992
3.224392 1.0007180429999993
3.232708 1.0012480810000006
3.241025 1.000865223000001
3.249342 1.0000926669999988
3.257658 0.998125292
3.265975 1.0012848059999995
3.274292 1.0011870700000012
3.282608 1.0001741219999998
3.290925 1.0017234560000015
3.299242 0.9990521060000002
3.307558 1.0001427580000002
3.315875 0.9996526710000008
3.324192 1.001127820000001
3.332508 1.0010282709999987
3.340825 0.9993784170000031
3.349142 0.9999899979999993
3.357458 1.0000422309999986
3.365775 1.0009969099999998
3.374092 1.0001870159999995
3.382408 1.0012730140000001
3.390725 0.9998350379999994
3.399042 0.9988366630000002
3.407358 1.001015593
3.415675 1.0011675769999995
3.423992 1.0008871180000007
3.432308 1.0020729770000008
3.440625 1.00131271300001
3.448942 1.0023026059999987
3.457258 0.9995923590000003
3.465575 1.0008924090000009
3.473892 0.9997967789999997
3.482208 1.0003154620000012
3.490525 1.000272496999999
3.498842 0.9994383420000004
3.507158 0.9997316810000004
3.515475 1.001372840000001
3.523792 1.000591654
3.532108 1.000822920000001
3.540425 0.9989890819999995
3.548742 1.0002755730000006
3.557058 1.0007220660000007
3.565375 0.999821737
3.573692 1.0008506080000004
3.582008 1.0020172969999992
3.590325 1.0000653909999988
3.598642 1.0000977939999998
3.606958 1.0003951040000008
3.615275 1.0000922749999999
3.623592 0.9992832519999997
3.631908 1.000320929
3.640225 1.0011953399999998
3.648542 1.0006413030000003
3.656858 1.000816447000002
3.665175 0.9999019699999995
3.673492 0.9996446820000018
3.681808 0.9988833429999995
3.690125 1.0002025319999999
3.698442 1.0012901510000005
3.706758 0.9997225880000016
3.715075 0.9994735649999991
3.723392 1.0004789399999983
3.731708 0.9997785310000001
3.740025 1.0009638980000009
3.748342 1.0009498590000012
3.756658 1.0009518939999997
3.764975 1.000479143999998
3.773292 0.9983554480000004
3.781608 1.0000222470000004
3.789925 1.0009287529999995
3.798242 0.9997906379999998
3.806558 1.0003834160000022
3.814875 1.0007705079999993
3.823192 1.0001221609999995
3.831508 0.9999653279999996
3.839825 1.0000800639999992
3.848142 1.0012083280000006
3.856458 1.0006015700000022
3.864775 1.0005280659999982
3.873092 1.0005100569999998
3.881408 1.0015950809999987
3.889725 0.9997358579999998
3.898042 0.9994355449999986
3.906358 0.9994969059999996
3.914675 0.9998441040000017
3.922992 1.00050289
3.931308 1.0000392150000006
3.939625 0.998998901
3.947942 1.0003046580000012
3.956258 1.0000399500000012
3.964575 1.0009554149999988
3.972892 1.0002431620000005
3.981208 0.9999816970000007
3.989525 1.0002700540000014
3.997842 1.001228692000001
4.006158 1.0003252919999992
4.014475 1.0012931260000013
4.022792 1.0003844559999986
4.031108 1.000097251000001
4.039425 1.0006649939999985
4.047742 1.0001860329999996
4.056058 1.000553041000001
4.064375 1.000534131
4.072692 1.0004844160000008
4.081008 1.000531738000003
4.089325 1.0008621419999995
4.097642 0.9997762660000012
4.105958 0.9999313309999995
4.114275 1.0011044609999997
4.122592 1.0002533180000004
4.130908 0.999480292
4.139225 1.0001788120000006
4.147542 1.0011238349999996
4.155858 0.9991421799999992
4.164175 1.0008777120000008
4.172492 1.001127332000001
4.180808 0.9995470470000012
4.189125 1.0006630149999987
4.197442 1.0001320930000008
4.205758 1.0007843520000015
4.214075 1.0013550170000025
4.222392 1.0012085660000007
4.230708 1.0008674680000007
4.239025 1.0001108529999996
4.247342 1.0011489920000005
4.255658 1.0003569009999995
4.263975 1.0002090940000006
4.272292 1.0009707669999988
4.280608 1.0009375029999992
4.288925 1.0001921270000005
4.297242 1.0007323729999997
4.305558 1.0009696379999997
4.313875 1.0013857739999898
4.322192 1.0001135040000007
4.330508 0.9999089710000002
4.338825 0.9997802600000013
4.347142 1.0000380660000012
4.355458 0.9999626660000004
4.363775 0.9990534050000003
4.372092 0.9996746389999994
4.380408 0.9990712740000006
4.388725 1.0000076749999998
4.397042 0.9998892200000005
4.405358 1.0000911689999994
4.413675 1.0004286790000008
4.421992 1.0002284629999993
4.430308 1.000306539
4.438625 0.999233745999999
4.446942 1.001108941999999
4.455258 1.0006963240000004
4.463575 1.0002571879999989
4.471892 1.0012195739999998
4.480208 1.0002111449999995
4.488525 1.0007744510000014
4.496842 1.0004825909999995
4.505158 1.0009081040000012
4.513475 1.0002188729999995
4.521792 1.000344735
4.530108 1.0012841809999995
4.538425 1.0008326420000009
4.546742 1.0000881009999998
4.555058 1.0007308520000011
4.563375 1.0001111290000015
4.571692 0.9991812500000018
4.580008 1.001120260000001
4.588325 1.0005521380000015
4.596642 1.0005336089999997
4.604958 1.0006919920000004
4.613275 1.0002181370000007
4.621592 1.000296845999999
4.629908 0.9993569469999999
4.638225 1.0002405930000007
4.646542 1.0003268620000023
4.654858 1.0007933999999992
4.663175 1.0000057750000013
4.671492 1.0003357449999997
4.679808 1.0009703370000003
4.688125 1.0004255020000001
4.696442 1.0008821710000009
4.704758 1.0004604059999997
4.713075 1.0001824060000004
4.721392 1.0002337099999998
4.729708 1.0003523949999995
4.738025 0.9997974950000005
4.746342 1.0007987219999999
4.754658 1.001187136999998
4.762975 1.0008558909999998
4.771292 0.9999191720000006
4.779608 1.0005789840000012
4.787925 1.000456969000001
4.796242 1.0003784379999991
4.804558 0.9999649749999984
4.812875 1.001032418
4.821192 1.000502955999999
4.829508 1.000921796
4.837825 1.0000162309999991
4.846142 0.9999312070000007
4.854458 0.999444964000001
4.862775 0.9997284210000011
4.871092 1.0005708170000005
4.879408 1.0003236920000003
4.887725 0.9998774669999996
4.896042 1.0010032260000008
4.904358 1.0007395640000003
4.912675 0.9998966090000005
4.920992 1.0010334540000005
4.929308 1.0005262710000014
4.937625 1.000443687999999
4.945942 0.9998018439999996
4.954258 1.0004289339999999
4.962575 1.0006452209999994
4.970892 1.000641831
4.979208 1.0008552180000012
4.987525 1.0012928619999992
4.995842 1.000698837
