# r rdf(r)  n_part=7226 rho_ions=3.613284 rho_solvent=0 d0=0.4 d1=0.4 d=0.4 eps=10000 type=00 avg_count=1999 rs=4.4940548664818865 ldy=0.08900647897811156 box_l=10 lbj=1.39 volume_fraction=0.24216461802097755
0.014158 0.0
0.022475 0.0
0.030792 0.0
0.039108 0.0
0.047425 0.0
0.055742 0.0
0.064058 0.0
0.072375 0.0
0.080692 0.0
0.089008 0.0
0.097325 0.0
0.105642 0.0
0.113958 0.0
0.122275 0.0
0.130592 0.0
0.138908 0.0
0.147225 0.0
0.155542 0.0
0.163858 0.0
0.172175 0.0
0.180492 0.0
0.188808 0.0
0.197125 0.0
0.205442 0.0
0.213758 0.0
0.222075 0.0
0.230392 0.0
0.238708 0.0
0.247025 0.0
0.255342 0.0
0.263658 0.0
0.271975 0.0
0.280292 0.0
0.288608 0.0
0.296925 0.0
0.305242 0.0
0.313558 0.0
0.321875 0.0
0.330192 0.0
0.338508 0.0
0.346825 0.0
0.355142 0.0
0.363458 0.0
0.371775 0.0
0.380092 0.0
0.388408 0.0
0.396725 0.15730246799999956
0.405042 0.8881467150000019
0.413358 0.9027676250000028
0.421675 0.9115928174999995
0.429992 0.9195580459999972
0.438308 0.929420538000006
0.446625 0.9343558885000003
0.454942 0.9388722059999988
0.463258 0.943783586
0.471575 0.9474477675000003
0.479892 0.9492872819999989
0.488208 0.9498526545000032
0.496525 0.9483638949999859
0.504842 0.9504124189999992
0.513158 0.9483841399999902
0.521475 0.950174418500001
0.529792 0.9498576020000021
0.538108 0.9503267954999923
0.546425 0.9504970009999995
0.554742 0.9466680530000018
0.563058 0.9442654445000005
0.571375 0.9447177875000028
0.579692 0.9451134654999969
0.588008 0.9472570769999975
0.596325 0.9424958375000015
0.604642 0.9455822225000006
0.612958 0.9424879784999931
0.621275 0.9431383299999926
0.629592 0.9455638749999936
0.637908 0.9469071294999999
0.646225 0.947617378000002
0.654542 0.9472261530000001
0.662858 0.9518942905000013
0.671175 0.9576057605000028
0.679492 0.9583949375000008
0.687808 0.9633903474999994
0.696125 0.9667263294999994
0.704442 0.9706301135000046
0.712758 0.9762845950000022
0.721075 0.9829825545000002
0.729392 0.9913913375000014
0.737708 0.9999088525000039
0.746025 1.0063254230000023
0.754342 1.0168519875
0.762658 1.0245086449999998
0.770975 1.0354213945
0.779292 1.045253117499998
0.787608 1.059008142499992
0.795925 1.068893632999998
0.804242 1.0804877750000026
0.812558 1.0880853944999984
0.820875 1.0952930290000005
0.829192 1.0970567404999974
0.837508 1.0972176060000005
0.845825 1.097310728499998
0.854142 1.0947279445000024
0.862458 1.0945892754999953
0.870775 1.0881565345000022
0.879092 1.0843640225000009
0.887408 1.0783925640000003
0.895725 1.0729858370000005
0.904042 1.0670590359999974
0.912358 1.0628082719999994
0.920675 1.056276908000002
0.928992 1.0509855374999981
0.937308 1.0448443564999979
0.945625 1.038733491999998
0.953942 1.0324875560000013
0.962258 1.0258523810000009
0.970575 1.0232965545000001
0.978892 1.0178602740000011
0.987208 1.0137559110000005
0.995525 1.008206367500001
1.003842 1.0033571314999994
1.012158 1.0001479225000012
1.020475 0.9983121435000013
1.028792 0.9952707485000002
1.037108 0.9907727645000013
1.045425 0.9886152584999984
1.053742 0.9854506324999934
1.062058 0.984333811499997
1.070375 0.982940590999995
1.078692 0.9812488235000004
1.087008 0.9794507280000008
1.095325 0.9782631269999987
1.103642 0.9780677884999984
1.111958 0.9774397154999993
1.120275 0.9769362700000012
1.128592 0.9768042400000004
1.136908 0.9765000414999998
1.145225 0.9776194034999998
1.153542 0.977963160999999
1.161858 0.9783870449999983
1.170175 0.9795380985000003
1.178492 0.9802774149999994
1.186808 0.9825697989999994
1.195125 0.9825754010000007
1.203442 0.9840563870000013
1.211758 0.9851072529999997
1.220075 0.9848257884999987
1.228392 0.9872853259999984
1.236708 0.9886540540000014
1.245025 0.9894280350000006
1.253342 0.9894794800000005
1.261658 0.9921613830000011
1.269975 0.9924691430000007
1.278292 0.9936599950000016
1.286608 0.9948156040000005
1.294925 0.9966292274999995
1.303242 0.9971811839999967
1.311558 0.9972469114999994
1.319875 0.9992015109999958
1.328192 0.9983811875000013
1.336508 0.9995594149999997
1.344825 1.000063863000003
1.353142 1.0002089319999967
1.361458 1.0015147370000002
1.369775 1.000862508000008
1.378092 1.0014232015
1.386408 1.0021929580000006
1.394725 1.0014130085
1.403042 1.001765106500003
1.411358 1.0020073845000004
1.419675 1.0028653160000007
1.427992 1.0021281030000002
1.436308 1.0036689649999975
1.444625 1.0021701654999962
1.452942 1.0025410640000016
1.461258 1.0030429055000056
1.469575 1.003643774500001
1.477892 1.0031006929999953
1.486208 1.0027768035000006
1.494525 1.0022587839999995
1.502842 1.0032487165000012
1.511158 1.0023540384999998
1.519475 1.0021231315000014
1.527792 1.0023039909999973
1.536108 1.002348558500001
1.544425 1.0014284524999921
1.552742 1.0030377794999983
1.561058 1.0020575389999995
1.569375 1.0023156204999981
1.577692 1.001731906500001
1.586008 1.0030113155000009
1.594325 1.0014133319999996
1.602642 1.0017715849999982
1.610958 1.0025083759999998
1.619275 1.0032093520000005
1.627592 1.002266353500001
1.635908 1.0025259615
1.644225 1.0024586355000011
1.652542 1.001418845999999
1.660858 1.0021144679999998
1.669175 1.0010741590000092
1.677492 1.0022691750000012
1.685808 1.0016914799999987
1.694125 1.0014099384999995
1.702442 1.0028176869999992
1.710758 1.0015453620000003
1.719075 1.0025910344999978
1.727392 1.0010166269999987
1.735708 1.0024183310000019
1.744025 1.0008520075000005
1.752342 1.0009962940000008
1.760658 1.0009536430000001
1.768975 0.9989232860000008
1.777292 1.001199512999999
1.785608 1.0010198990000028
1.793925 1.0004579249999999
1.802242 0.9999818910000002
1.810558 1.000724722999999
1.818875 0.9997216630000021
1.827192 1.0002200319999994
1.835508 0.9992318200000035
1.843825 0.9991388570000008
1.852142 0.9987011369999971
1.860458 0.9997214950000002
1.868775 1.000002720500002
1.877092 0.9989108560000007
1.885408 0.9985121025000053
1.893725 0.9988818460000013
1.902042 0.9982029160000119
1.910358 0.9997621914999981
1.918675 0.9994704145
1.926992 0.9996410089999995
1.935308 0.999418438
1.943625 0.9991337664999994
1.951942 0.999410729000001
1.960258 0.9991331834999994
1.968575 0.9996156629999866
1.976892 0.9993068834999972
1.985208 0.9996727479999993
1.993525 0.9999643270000004
2.001842 0.9992525270000018
2.010158 1.0001157584999998
2.018475 0.9997452724999977
2.026792 0.9997769655000012
2.035108 0.9996896074999988
2.043425 1.0002434209999982
2.051742 1.000255558000002
2.060058 0.9992492294999971
2.068375 1.000346218499999
2.076692 0.9993595639999998
2.085008 0.9999760984999994
2.093325 1.0003826169999988
2.101642 1.0003893640000006
2.109958 0.9996053779999996
2.118275 0.9999871770000023
2.126592 1.0004433255000014
2.134908 1.000811994999998
2.143225 1.0003210329999983
2.151542 1.0003201229999985
2.159858 1.0003403299999973
2.168175 1.0002130349999998
2.176492 1.0006863909999992
2.184808 0.9996233585000004
2.193125 1.000142901500001
2.201442 1.0001821974999987
2.209758 1.0010009999999976
2.218075 1.0007075920000013
2.226392 1.0002938974999995
2.234708 1.0004184445
2.243025 1.0002237869999995
2.251342 0.9999316244999992
2.259658 1.000345298
2.267975 1.0001238805000001
2.276292 0.999901799
2.284608 0.9997683705000011
2.292925 0.9999162595000026
2.301242 1.0006271034999987
2.309558 1.0005372644999997
2.317875 1.0007307994999988
2.326192 1.0007226735000012
2.334508 1.0005579100000002
2.342825 0.9997791075
2.351142 1.000616536500001
2.359458 1.000323124000001
2.367775 1.0005718835
2.376092 1.0007487564999988
2.384408 1.000347379
2.392725 0.9997523330000009
2.401042 1.000995557500001
2.409358 1.0007415424999997
2.417675 1.000962169999999
2.425992 1.0005296115000029
2.434308 1.0004165235000004
2.442625 1.0004180445000013
2.450942 1.001234056999999
2.459258 1.0001637384999946
2.467575 1.0006244885000013
2.475892 1.0001555925000003
2.484208 1.000354149000004
2.492525 1.0002466905000023
2.500842 0.9999671844999989
2.509158 0.9996076604999996
2.517475 1.0001311274999996
2.525792 1.0005750205000008
2.534108 0.9999258135000023
2.542425 1.000482372500001
2.550742 1.0001184834999999
2.559058 1.0009867519999989
2.567375 1.0000998705000024
2.575692 1.000595078999999
2.584008 0.9997314490000035
2.592325 1.001205046
2.600642 1.0005356009999895
2.608958 0.9999447890000005
2.617275 1.0003783644999997
2.625592 1.0002400100000008
2.633908 1.0000902440000008
2.642225 0.9999640759999985
2.650542 1.000110698
2.658858 1.0000123960000027
2.667175 0.999713572
2.675492 1.0000637709999982
2.683808 1.0001430785
2.692125 1.000085993999999
2.700442 1.0004528065000027
2.708758 0.9996080379999929
2.717075 0.9997767255000023
2.725392 1.000436639499999
2.733708 1.0000268185000005
2.742025 1.000163022999999
2.750342 1.0006873454999994
2.758658 0.9998570629999968
2.766975 0.9996657325000003
2.775292 0.999844087999996
2.783608 1.000522820500001
2.791925 1.0004266919999998
2.800242 1.0000536845000008
2.808558 1.0004283124999986
2.816875 1.0002413854999996
2.825192 0.9995203855000002
2.833508 1.0001945795000002
2.841825 1.0003255549999983
2.850142 1.0005753745000008
2.858458 0.9999863179999996
2.866775 1.000202764499999
2.875092 1.0003844584999988
2.883408 1.0007550039999997
2.891725 1.0000091569999987
2.900042 1.0004871609999992
2.908358 1.0006513159999988
2.916675 1.0005225744999997
2.924992 1.000682560999997
2.933308 1.0004330165000013
2.941625 1.000410592499999
2.949942 0.9999971550000013
2.958258 1.0006631504999999
2.966575 1.0005448969999982
2.974892 0.9999269115000003
2.983208 0.9997282679999979
2.991525 1.0003478784999986
2.999842 0.9999952324999988
3.008158 0.9997792364999999
3.016475 1.000429938000002
3.024792 1.0006577724999985
3.033108 1.0000191155
3.041425 1.000997841000001
3.049742 1.0009372770000007
3.058058 1.000738361499999
3.066375 1.0002764905000017
3.074692 1.0007696604999994
3.083008 1.0006998799999989
3.091325 1.0002622435000028
3.099642 1.0004489000000005
3.107958 1.0002775284999992
3.116275 1.0004295639999985
3.124592 1.0004552470000012
3.132908 1.000443770000002
3.141225 1.000011944500002
3.149542 1.0003293770000004
3.157858 1.0000633114999997
3.166175 1.0001847660000012
3.174492 0.9998318244999996
3.182808 1.0002723809999996
3.191125 0.9996881600000025
3.199442 0.9998586610000004
3.207758 1.0005199925000017
3.216075 1.0000297589999987
3.224392 1.0004558059999986
3.232708 1.0001803714999986
3.241025 1.0002782864999995
3.249342 0.9997293375000003
3.257658 0.9999863975000015
3.265975 1.000331752000004
3.274292 1.000033086999999
3.282608 0.9998439279999994
3.290925 1.0002232165000002
3.299242 0.9999127434999987
3.307558 1.0001025869999973
3.315875 1.0003210550000017
3.324192 1.0002527885000003
3.332508 0.9995332155000006
3.340825 0.9998910659999996
3.349142 1.0005614379999999
3.357458 1.0002143464999986
3.365775 1.0002801060000026
3.374092 1.000167984000001
3.382408 0.9998023335000001
3.390725 1.0005541059999974
3.399042 1.0002588114999986
3.407358 1.0004566350000013
3.415675 1.0002218905000022
3.423992 1.0007209190000002
3.432308 1.0001147545
3.440625 1.0002554695
3.448942 1.0003850044999987
3.457258 0.9999086520000006
3.465575 1.0005801209999992
3.473892 1.000272978499999
3.482208 1.0004340055000014
3.490525 1.0003032840000001
3.498842 1.000620187999999
3.507158 1.0003339610000015
3.515475 1.0004851580000027
3.523792 1.000258390499999
3.532108 1.0000239504999997
3.540425 1.000324258999996
3.548742 1.0006165950000019
3.557058 1.0005398735000006
3.565375 1.0000138100000002
3.573692 0.999936823499999
3.582008 1.0003895700000012
3.590325 1.0004441809999995
3.598642 1.0000751495000009
3.606958 1.000566380999999
3.615275 1.000798815000002
3.623592 1.0002198474999975
3.631908 1.0002524514999986
3.640225 1.0003570895000005
3.648542 1.0004863904999997
3.656858 1.000345736
3.665175 1.0004619800000023
3.673492 1.0000940210000002
3.681808 1.0002220604999994
3.690125 0.9999946054999969
3.698442 0.9999513299999953
3.706758 1.0004258220000022
3.715075 0.9999030769999978
3.723392 1.0001332234999996
3.731708 1.0003526899999997
3.740025 1.0001971560000016
3.748342 1.0005059660000002
3.756658 0.999921555499999
3.764975 1.000566434499999
3.773292 1.0004380274999987
3.781608 1.000452384000003
3.789925 1.0004523819999993
3.798242 1.000383486499998
3.806558 1.000067249000001
3.814875 1.0003164869999974
3.823192 1.0004110294999984
3.831508 1.0005233325000014
3.839825 1.0003321080000005
3.848142 1.0000642964999982
3.856458 0.9998731835000001
3.864775 1.0007077490000045
3.873092 1.0005432779999996
3.881408 1.0003899994999985
3.889725 0.9999938584999989
3.898042 1.0001862640000003
3.906358 0.9999738049999998
3.914675 1.0002744619999981
3.922992 1.0001375744999996
3.931308 0.9999593039999987
3.939625 1.000392131500001
3.947942 1.0000800589999954
3.956258 0.9998149789999997
3.964575 1.0002987005000008
3.972892 1.000272919500001
3.981208 1.0001258115000002
3.989525 1.0000110414999996
3.997842 1.0007402165000008
4.006158 1.0002703125000003
4.014475 1.0004403875000007
4.022792 1.0002590194999985
4.031108 1.0000698475000027
4.039425 1.0001204249999989
4.047742 1.0001154135000028
4.056058 1.0003219245000015
4.064375 1.0001734130000004
4.072692 1.0001803709999995
4.081008 1.0001370445000115
4.089325 1.000288988500001
4.097642 1.0002638850000007
4.105958 0.9997526094999982
4.114275 1.000152670999997
4.122592 1.0005261559999998
4.130908 1.0000841590000014
4.139225 1.0004278509999995
4.147542 1.0004516690000018
4.155858 1.0000035609999998
4.164175 1.0000442104999991
4.172492 1.0002706605000011
4.180808 1.0003963080000002
4.189125 1.0007419720000013
4.197442 1.0003471049999997
4.205758 1.0000336555000007
4.214075 1.000376245999999
4.222392 1.0004489319999974
4.230708 1.0006028109999996
4.239025 1.0002530070000013
4.247342 1.0004889635000005
4.255658 1.0003516809999986
4.263975 1.0008556284999994
4.272292 1.0004240995000018
4.280608 1.0004601234999988
4.288925 1.0003492690000015
4.297242 1.0003768069999992
4.305558 1.0001863550000012
4.313875 1.0001026190000062
4.322192 1.0000442669999974
4.330508 1.0002196304999997
4.338825 1.0000613850000015
4.347142 1.0002003120000027
4.355458 1.0003214254999995
4.363775 1.0004110620000009
4.372092 1.0003268519999986
4.380408 1.0003528909999981
4.388725 1.000239050499999
4.397042 1.0003084589999989
4.405358 1.000274005999998
4.413675 1.0004055984999995
4.421992 1.0000484670000023
4.430308 1.0001103265000004
4.438625 1.0004323070000003
4.446942 1.0000781269999979
4.455258 1.000259939999998
4.463575 1.0002588840000013
4.471892 1.0000263784999996
4.480208 1.0004836294999977
4.488525 1.0004822979999979
4.496842 1.0002301414999997
4.505158 1.0003249859999999
4.513475 1.0001700270000005
4.521792 1.000094383500001
4.530108 1.0001417105000006
4.538425 1.0000613920000043
4.546742 1.000191259000001
4.555058 1.0002218435000023
4.563375 1.0003003759999984
4.571692 1.0002405055000023
4.580008 1.0004959625000003
4.588325 1.0004011649999986
4.596642 1.000147664999999
4.604958 1.0006033000000003
4.613275 1.0004747085000039
4.621592 1.0000083019999984
4.629908 1.0001496945000001
4.638225 1.0003207589999987
4.646542 1.0002300574999998
4.654858 1.0001332059999994
4.663175 1.0001304495000014
4.671492 1.0002606454999992
4.679808 1.0002085330000006
4.688125 1.0002500774999998
4.696442 1.0000802885000006
4.704758 1.0001218045000013
4.713075 1.0006824295
4.721392 1.0001788115000008
4.729708 1.0001715454999975
4.738025 1.000245894500002
4.746342 1.0003249949999988
4.754658 1.0005361824999996
4.762975 1.0003549479999998
4.771292 1.0002967120000008
4.779608 1.0003189524999956
4.787925 1.0000841820000004
4.796242 1.0003064305000016
4.804558 1.0004406200000013
4.812875 1.000346401499999
4.821192 1.0002873549999995
4.829508 1.0000760215000013
4.837825 1.000535951500001
4.846142 1.000230507499999
4.854458 1.0005438839999994
4.862775 0.9999923480000014
4.871092 1.000306488500002
4.879408 1.000255651
4.887725 1.0001862569999997
4.896042 1.000275093999999
4.904358 1.000374785
4.912675 1.0003487399999986
4.920992 1.0000464414999997
4.929308 0.999848649499998
4.937625 1.000275398
4.945942 1.0000988440000018
4.954258 1.000308188500002
4.962575 0.9999826544999995
4.970892 1.0002229890000007
4.979208 1.0003784770000002
4.987525 1.0000385950000001
4.995842 1.0000473109999994
