# r rdf(r)  n_part=4818 rho_ions=2.408856 rho_solvent=0 d0=0.4 d1=0.4 d=0.4 eps=10000 type=00 avg_count=1999 rs=5.198612446715094 ldy=0.07694360833778878 box_l=10 lbj=2.79 volume_fraction=0.16144307868065172
0.014158 0.0
0.022475 0.0
0.030792 0.0
0.039108 0.0
0.047425 0.0
0.055742 0.0
0.064058 0.0
0.072375 0.0
0.080692 0.0
0.089008 0.0
0.097325 0.0
0.105642 0.0
0.113958 0.0
0.122275 0.0
0.130592 0.0
0.138908 0.0
0.147225 0.0
0.155542 0.0
0.163858 0.0
0.172175 0.0
0.180492 0.0
0.188808 0.0
0.197125 0.0
0.205442 0.0
0.213758 0.0
0.222075 0.0
0.230392 0.0
0.238708 0.0
0.247025 0.0
0.255342 0.0
0.263658 0.0
0.271975 0.0
0.280292 0.0
0.288608 0.0
0.296925 0.0
0.305242 0.0
0.313558 0.0
0.321875 0.0
0.330192 0.0
0.338508 0.0
0.346825 0.0
0.355142 0.0
0.363458 0.0
0.371775 0.0
0.380092 0.0
0.388408 0.0
0.396725 0.05505039099999918
0.405042 0.3192302199999999
0.413358 0.34671089000000044
0.421675 0.3750712204999928
0.429992 0.40163239149999924
0.438308 0.431799907000003
0.446625 0.4550305599999994
0.454942 0.48582084199999886
0.463258 0.5155946040000026
0.471575 0.5446384740000002
0.479892 0.568468840999999
0.488208 0.5936396125000057
0.496525 0.6223052744999931
0.504842 0.6488465899999997
0.513158 0.6762357825000015
0.521475 0.6997844330000054
0.529792 0.7269392225000034
0.538108 0.7468874615000028
0.546425 0.7725416285000055
0.554742 0.7964135745000006
0.563058 0.8134497184999971
0.571375 0.8316446685000081
0.579692 0.8554183935000018
0.588008 0.8717133539999989
0.596325 0.8938001385000025
0.604642 0.9109078575000001
0.612958 0.9225628800000036
0.621275 0.9426389104999997
0.629592 0.9562748484999926
0.637908 0.9717214544999998
0.646225 0.9806697864999965
0.654542 0.9975419930000073
0.662858 1.0078393959999972
0.671175 1.0175612474999958
0.679492 1.0303772169999996
0.687808 1.041487963
0.696125 1.0531213350000006
0.704442 1.0622895465000037
0.712758 1.0703819274999984
0.721075 1.0813513344999997
0.729392 1.0901684205000066
0.737708 1.0945629919999962
0.746025 1.1036129674999973
0.754342 1.1114203209999938
0.762658 1.1200273364999986
0.770975 1.1276591080000002
0.779292 1.1340443029999976
0.787608 1.1423689724999997
0.795925 1.1503682424999973
0.804242 1.1590407534999974
0.812558 1.1569762784999986
0.820875 1.159672459000004
0.829192 1.1579786625000008
0.837508 1.1539408254999985
0.845825 1.1471856929999975
0.854142 1.1413734035000023
0.862458 1.1298319129999963
0.870775 1.1247752169999976
0.879092 1.1170792199999997
0.887408 1.1080736809999958
0.895725 1.0958347594999993
0.904042 1.0887688880000004
0.912358 1.0803149714999982
0.920675 1.0713199854999977
0.928992 1.0584626509999995
0.937308 1.0556242340000008
0.945625 1.047672100500003
0.953942 1.0374578149999962
0.962258 1.0326314389999989
0.970575 1.0258541224999995
0.978892 1.0176979360000002
0.987208 1.0108155334999989
0.995525 1.0093059255000036
1.003842 1.0019259000000047
1.012158 0.9973351699999987
1.020475 0.9918480709999992
1.028792 0.989994846500002
1.037108 0.983685816000002
1.045425 0.9819715995000006
1.053742 0.9787998035000001
1.062058 0.9724113095000007
1.070375 0.974236725999998
1.078692 0.9722189290000023
1.087008 0.9688349619999956
1.095325 0.9686708190000017
1.103642 0.9649049969999948
1.111958 0.9654813494999983
1.120275 0.9655373534999967
1.128592 0.9660152985000016
1.136908 0.9628370939999981
1.145225 0.963938968500001
1.153542 0.9670845770000022
1.161858 0.9659824634999986
1.170175 0.9666388489999973
1.178492 0.96612117649999
1.186808 0.9676063569999994
1.195125 0.9704130519999976
1.203442 0.9707082935000002
1.211758 0.9718005184999969
1.220075 0.9711927239999996
1.228392 0.9749459654999987
1.236708 0.9750930780000017
1.245025 0.977163626499999
1.253342 0.978500264499999
1.261658 0.9793655419999986
1.269975 0.9800619430000148
1.278292 0.9822048500000028
1.286608 0.9849709340000002
1.294925 0.9859345230000025
1.303242 0.9893853980000002
1.311558 0.9880325474999955
1.319875 0.9893658274999997
1.328192 0.9934514070000009
1.336508 0.9944972719999983
1.344825 0.9962001785000022
1.353142 0.9956439940000004
1.361458 0.9963698060000035
1.369775 0.9995549814999994
1.378092 0.9983628685000011
1.386408 1.0017871124999973
1.394725 1.0019969869999965
1.403042 1.0023351195
1.411358 1.0024822574999936
1.419675 1.0066025345000007
1.427992 1.0050537920000016
1.436308 1.0054297435000008
1.444625 1.0062813824999992
1.452942 1.0091659454999926
1.461258 1.0091465895000018
1.469575 1.0079097660000007
1.477892 1.0086048189999994
1.486208 1.0088276885
1.494525 1.0085245370000004
1.502842 1.0087155119999964
1.511158 1.0073886379999994
1.519475 1.0066982760000027
1.527792 1.0094244805000008
1.536108 1.0089325265
1.544425 1.008925107000002
1.552742 1.008373503000001
1.561058 1.0096378390000023
1.569375 1.0081779659999979
1.577692 1.0072129594999992
1.586008 1.007666475999997
1.594325 1.0062562864999998
1.602642 1.0072536959999983
1.610958 1.0067716184999989
1.619275 1.0069602835000024
1.627592 1.005775121500002
1.635908 1.006318254499998
1.644225 1.0048320435000002
1.652542 1.0050545664999992
1.660858 1.0056378450000019
1.669175 1.0040478770000039
1.677492 1.0028408740000017
1.685808 1.0031003914999985
1.694125 1.0042081814999988
1.702442 1.0028112800000017
1.710758 1.000985957
1.719075 1.0026268449999995
1.727392 1.0017601975000014
1.735708 0.999889009500002
1.744025 1.0004991930000011
1.752342 0.9997212034999998
1.760658 0.9999363459999995
1.768975 0.9995719829999993
1.777292 0.9996630689999986
1.785608 0.9997499560000027
1.793925 1.0001469564999983
1.802242 0.9984277635
1.810558 0.999760083499998
1.818875 0.9990599929999996
1.827192 0.9982126135000003
1.835508 0.9976367099999984
1.843825 0.9969524424999991
1.852142 0.9987598205000018
1.860458 0.9990859305000055
1.868775 0.9979114834999998
1.877092 0.9978482094999988
1.885408 0.9984088964999999
1.893725 0.9974540235000008
1.902042 0.996697405000005
1.910358 0.9983061779999993
1.918675 0.9978620384999998
1.926992 0.9974549839999991
1.935308 0.998270990500001
1.943625 0.9982514734999985
1.951942 0.9983666254999967
1.960258 0.9987937069999987
1.968575 0.9988855509999962
1.976892 0.9988911025000019
1.985208 0.9997835609999997
1.993525 0.9988889650000011
2.001842 0.9990477420000011
2.010158 0.9981643044999965
2.018475 0.9988464764999997
2.026792 1.0004037775000016
2.035108 1.0003383714999987
2.043425 0.999422727499999
2.051742 1.0007394634999984
2.060058 0.9995134759999977
2.068375 0.9997843519999857
2.076692 0.9991196615000001
2.085008 1.0015022040000037
2.093325 1.0004908530000012
2.101642 1.000447034999999
2.109958 0.9999196659999976
2.118275 1.0003354540000022
2.126592 1.0005500159999992
2.134908 1.0006288905000025
2.143225 1.0010374909999995
2.151542 1.0009717235
2.159858 1.0017202139999979
2.168175 0.9997674260000008
2.176492 1.0005572509999945
2.184808 1.0006972475000062
2.193125 1.0011060734999988
2.201442 1.0017228449999982
2.209758 1.0009237865000011
2.218075 1.0010747574999992
2.226392 1.0011040245000022
2.234708 1.0008342955000005
2.243025 1.0008806700000004
2.251342 1.0019238729999993
2.259658 1.0010480414999992
2.267975 1.0011987000000004
2.276292 1.001663934000002
2.284608 1.0005422585000023
2.292925 1.0011027854999996
2.301242 1.0011379039999984
2.309558 1.0022368940000006
2.317875 1.0010626699999978
2.326192 1.0014689395000023
2.334508 1.0016379155000004
2.342825 1.0016860950000002
2.351142 1.0016518250000004
2.359458 0.9997199880000028
2.367775 1.0007691749999998
2.376092 1.0009173375000042
2.384408 1.0017701674999981
2.392725 1.0012896259999993
2.401042 1.0007127365000017
2.409358 1.0007399450000005
2.417675 1.0011737209999951
2.425992 1.0003678374999967
2.434308 1.0008055449999993
2.442625 1.000103548999999
2.450942 0.9999866054999994
2.459258 1.0002351029999996
2.467575 1.0000620470000003
2.475892 1.0004453619999996
2.484208 1.0008631375000006
2.492525 1.0000050900000002
2.500842 1.0010378654999985
2.509158 1.0003604800000006
2.517475 1.0004566840000022
2.525792 0.9996402434999998
2.534108 0.9998332129999999
2.542425 1.0000446115000012
2.550742 1.0009598624999987
2.559058 1.0004323684999996
2.567375 1.0008073340000005
2.575692 1.0003875995
2.584008 0.9999426179999984
2.592325 0.9999891409999976
2.600642 1.0003370229999993
2.608958 0.999372795000001
2.617275 0.9996066689999978
2.625592 1.0007637800000007
2.633908 1.0006925475000006
2.642225 0.999743776500004
2.650542 0.9998256719999973
2.658858 1.000488483499998
2.667175 1.000364911500001
2.675492 1.0001265225000004
2.683808 0.9994115929999997
2.692125 1.0003839894999988
2.700442 1.000876251500002
2.708758 1.0008697305
2.717075 0.9996992300000028
2.725392 1.000215626499979
2.733708 1.000215695499998
2.742025 1.000545336500003
2.750342 1.0004538315000013
2.758658 0.9997346955000032
2.766975 1.0011168279999987
2.775292 1.0007175894999991
2.783608 1.0012748884999996
2.791925 1.0007592834999999
2.800242 1.0007756764999944
2.808558 1.0008537889999989
2.816875 1.0008268620000031
2.825192 1.0003751725000014
2.833508 1.0003739834999998
2.841825 0.9997811084999989
2.850142 1.000705302000002
2.858458 1.000111212000003
2.866775 1.0001523715000005
2.875092 1.0003789124999993
2.883408 1.0006427170000027
2.891725 1.0006833829999997
2.900042 1.0000820639999992
2.908358 1.000060943999994
2.916675 1.0006175154999961
2.924992 1.0002084454999984
2.933308 1.0006237514999996
2.941625 1.0000580045000012
2.949942 1.0001945115000008
2.958258 1.0008312280000013
2.966575 1.0010413640000009
2.974892 1.0003614655000017
2.983208 1.0011260969999976
2.991525 0.9999390129999989
2.999842 1.0002633565
3.008158 1.0000976120000016
3.016475 1.0002980949999996
3.024792 1.0006992140000006
3.033108 1.0001564585
3.041425 1.0002310589999996
3.049742 0.9997350730000003
3.058058 1.0001973215000008
3.066375 0.9998499114999998
3.074692 0.999778978000005
3.083008 1.0001572794999973
3.091325 1.0000792825000016
3.099642 1.000429434499998
3.107958 0.9995006620000004
3.116275 1.0000028025000003
3.124592 1.000097136999997
3.132908 1.0001500269999986
3.141225 1.0004981879999988
3.149542 0.9999653735000001
3.157858 0.9999877540000002
3.166175 1.000361530999998
3.174492 1.0008111360000005
3.182808 1.0006959629999999
3.191125 1.000299982999999
3.199442 1.0002572955000006
3.207758 1.0002945989999987
3.216075 1.0012341530000004
3.224392 1.0004986639999984
3.232708 1.0010217785000004
3.241025 1.0003471979999985
3.249342 1.0002186889999989
3.257658 1.000651182499999
3.265975 1.000179767499999
3.274292 1.0010902914999975
3.282608 1.000951303999998
3.290925 1.0000939780000044
3.299242 1.0010522055000013
3.307558 1.001029796499999
3.315875 1.000394969500001
3.324192 1.0008082530000018
3.332508 1.0001906525000008
3.340825 1.0009368104999987
3.349142 0.9999041350000011
3.357458 1.0002691680000104
3.365775 1.0003675160000005
3.374092 1.0006923820000024
3.382408 1.0002466195000008
3.390725 1.0006436680000028
3.399042 1.0010315679999997
3.407358 1.0000029604999976
3.415675 1.0004628975000003
3.423992 1.001052360499999
3.432308 1.0003772315000017
3.440625 1.000505395499998
3.448942 1.0006622670000005
3.457258 1.0006981085000002
3.465575 1.0002421530000043
3.473892 1.000588337
3.482208 1.0005909004999995
3.490525 1.000349467000002
3.498842 0.9999911079999994
3.507158 1.0009295785
3.515475 1.0005262649999989
3.523792 1.000434522
3.532108 1.0004080335000018
3.540425 0.9997472945
3.548742 0.9994438849999988
3.557058 1.0008142325000007
3.565375 0.9996402400000001
3.573692 1.0000983410000004
3.582008 1.0003002495000004
3.590325 0.9997520949999967
3.598642 1.0003794435000013
3.606958 1.0008907209999987
3.615275 1.0000407695000053
3.623592 1.0001002255
3.631908 0.9996371810000002
3.640225 0.9999490369999986
3.648542 0.9997564799999998
3.656858 1.0005138744999984
3.665175 1.0004556084999994
3.673492 1.0001738005000016
3.681808 1.0003111054999998
3.690125 0.9994894739999984
3.698442 1.0000896485
3.706758 1.0000838474999978
3.715075 0.999939138000001
3.723392 0.9999863220000004
3.731708 1.0001419625000003
3.740025 1.000071015999999
3.748342 1.0000992240000017
3.756658 1.0006678509999967
3.764975 0.9997827345000004
3.773292 1.0004638749999994
3.781608 1.0003507005000003
3.789925 1.0006543119999984
3.798242 1.0003359449999996
3.806558 1.000165284999997
3.814875 0.9995827675000003
3.823192 1.000517375499998
3.831508 0.9999253735000011
3.839825 1.000802367499999
3.848142 1.000867768000001
3.856458 0.9999393309999994
3.864775 1.0000214865000003
3.873092 1.0004354925000005
3.881408 0.9998872620000007
3.889725 1.0003909910000004
3.898042 0.999978455999997
3.906358 1.0001996400000022
3.914675 1.0006513309999991
3.922992 1.0004795004999976
3.931308 1.0007330615000019
3.939625 1.0009666360000016
3.947942 1.0005385000000004
3.956258 1.000610025000003
3.964575 1.001377997500001
3.972892 1.0007414755000021
3.981208 1.0008007604999969
3.989525 1.0011253014999963
3.997842 1.0004179890000013
4.006158 1.0012814360000002
4.014475 1.0006338785000015
4.022792 1.0004738015000005
4.031108 1.0003984054999986
4.039425 1.001237861
4.047742 1.0009832679999995
4.056058 1.000642340500002
4.064375 1.0004758460000003
4.072692 1.000259794999999
4.081008 1.0007391959999985
4.089325 1.0005820384999973
4.097642 1.0004213704999978
4.105958 1.0002117189999962
4.114275 1.0002252585000002
4.122592 1.0007898544999954
4.130908 1.000801360500002
4.139225 1.0006482515000004
4.147542 1.0004155515000006
4.155858 1.0010050979999991
4.164175 1.0006080834999986
4.172492 1.000750876499999
4.180808 1.0000580214999997
4.189125 1.0005095205000014
4.197442 0.9998135859999984
4.205758 1.0009959290000001
4.214075 1.0007445954999994
4.222392 1.0000553929999987
4.230708 1.0002211255000002
4.239025 1.0004620065000016
4.247342 0.9998129129999999
4.255658 1.001028343000001
4.263975 1.000248852999999
4.272292 1.0005561679999995
4.280608 0.9996486104999988
4.288925 1.0001921830000007
4.297242 1.0000176710000004
4.305558 1.0002968009999924
4.313875 1.0002070389999995
4.322192 0.9999495545000014
4.330508 1.0003478569999975
4.338825 1.0003096764999975
4.347142 1.0002329294999996
4.355458 1.0000982859999976
4.363775 1.000333321
4.372092 1.000104143499998
4.380408 1.0004753615000002
4.388725 0.999981521999999
4.397042 1.0003843669999948
4.405358 1.0003640765000006
4.413675 1.0004895915000005
4.421992 0.9999412894999984
4.430308 0.9994239845000003
4.438625 1.0000330409999998
4.446942 1.000062543
4.455258 1.0006070165000018
4.463575 1.000195332499999
4.471892 1.0004274929999986
4.480208 1.0002744240000043
4.488525 1.0005083654999996
4.496842 1.0006560895
4.505158 0.999636328500001
4.513475 1.0002364680000004
4.521792 1.0001542979999998
4.530108 1.0003888715000007
4.538425 1.0002593585000004
4.546742 1.0004581105000019
4.555058 1.0000934704999984
4.563375 1.0002362055000005
4.571692 1.0001046750000016
4.580008 1.0003566405000017
4.588325 1.0001994259999984
4.596642 1.0000716245000014
4.604958 1.0002621340000009
4.613275 1.000508720999996
4.621592 1.0009022785000001
4.629908 1.0001722075000001
4.638225 1.0007605254999994
4.646542 1.0004744605000009
4.654858 1.0006623675000004
4.663175 1.0007176889999994
4.671492 1.0003668135000017
4.679808 1.0008277255000027
4.688125 1.0006260755000007
4.696442 1.0004582845000003
4.704758 1.000873271
4.713075 1.0005763670000007
4.721392 1.0002800305000001
4.729708 1.0007661275000024
4.738025 1.0010352830000009
4.746342 1.0007387605000007
4.754658 1.0004783419999994
4.762975 1.0007848339999983
4.771292 1.0008988490000008
4.779608 1.0004184959999998
4.787925 1.0006730805000013
4.796242 1.0003710820000002
4.804558 1.0008049729999966
4.812875 1.0005375820000022
4.821192 1.0001265345000006
4.829508 1.0008051070000024
4.837825 1.0004200444999982
4.846142 1.0002941954999987
4.854458 1.0003058489999987
4.862775 1.0004904649999995
4.871092 1.0002791915
4.879408 0.9999675905000011
4.887725 1.0001871454999995
4.896042 1.000955360499998
4.904358 1.0003505984999985
4.912675 1.0002677100000004
4.920992 1.000121780499999
4.929308 1.0003657449999992
4.937625 1.0003079615000008
4.945942 1.0004135364999986
4.954258 1.0003592800000007
4.962575 1.0004887914999991
4.970892 1.0001346614999997
4.979208 1.0001389849999998
4.987525 1.0004043425000024
4.995842 1.0004484700000014
