# r rdf(r)  n_part=7226 rho_ions=3.613284 rho_solvent=0 d0=0.4 d1=0.4 d=0.4 eps=10000 type=00 avg_count=1999 rs=3.1891870369862376 ldy=0.1254238134549793 box_l=10 lbj=0.7 volume_fraction=0.24216461802097755
0.014158 0.0
0.022475 0.0
0.030792 0.0
0.039108 0.0
0.047425 0.0
0.055742 0.0
0.064058 0.0
0.072375 0.0
0.080692 0.0
0.089008 0.0
0.097325 0.0
0.105642 0.0
0.113958 0.0
0.122275 0.0
0.130592 0.0
0.138908 0.0
0.147225 0.0
0.155542 0.0
0.163858 0.0
0.172175 0.0
0.180492 0.0
0.188808 0.0
0.197125 0.0
0.205442 0.0
0.213758 0.0
0.222075 0.0
0.230392 0.0
0.238708 0.0
0.247025 0.0
0.255342 0.0
0.263658 0.0
0.271975 0.0
0.280292 0.0
0.288608 0.0
0.296925 0.0
0.305242 0.0
0.313558 0.0
0.321875 0.0
0.330192 0.0
0.338508 0.0
0.346825 0.0
0.355142 0.0
0.363458 0.0
0.371775 0.0
0.380092 0.0
0.388408 0.0
0.396725 0.21792119749999989
0.405042 1.2012984829999933
0.413358 1.194970901
0.421675 1.174282149000001
0.429992 1.1623580490000045
0.438308 1.1497826729999965
0.446625 1.1325875725000012
0.454942 1.1209992884999997
0.463258 1.102016938000003
0.471575 1.0925795069999997
0.479892 1.0775413094999993
0.488208 1.0623034850000002
0.496525 1.0481040284999927
0.504842 1.037684961499999
0.513158 1.0225601329999896
0.521475 1.0089996664999956
0.529792 1.0009522025000024
0.538108 0.990609631499992
0.546425 0.9768970399999993
0.554742 0.9675698479999995
0.563058 0.9553684800000041
0.571375 0.9503839825000031
0.579692 0.942255253499996
0.588008 0.9349705244999974
0.596325 0.9292857175000007
0.604642 0.924021091999998
0.612958 0.9181261359999926
0.621275 0.9143088594999947
0.629592 0.9082166304999959
0.637908 0.9087795899999985
0.646225 0.9040284705000016
0.654542 0.9038753630000025
0.662858 0.9038357500000025
0.671175 0.9051660890000026
0.679492 0.9042219040000015
0.687808 0.9096483254999999
0.696125 0.9109608304999988
0.704442 0.915895721000003
0.712758 0.9209713405000035
0.721075 0.9267676754999982
0.729392 0.9315434735000002
0.737708 0.941963214500001
0.746025 0.9484710230000022
0.754342 0.9548068470000011
0.762658 0.9680787814999987
0.770975 0.9779858279999997
0.779292 0.9878657799999996
0.787608 0.9999659975000027
0.795925 1.0130568554999986
0.804242 1.0249394610000035
0.812558 1.035412931499997
0.820875 1.0415867820000002
0.829192 1.0474551715000002
0.837508 1.0529812985000007
0.845825 1.0568916440000002
0.854142 1.0589975304999997
0.862458 1.0614312494999947
0.870775 1.0592008154999988
0.879092 1.059037992999998
0.887408 1.0578078994999986
0.895725 1.0554902799999992
0.904042 1.0539791674999972
0.912358 1.0517485829999988
0.920675 1.051242686500003
0.928992 1.0440564454999979
0.937308 1.0406256569999992
0.945625 1.038433403499996
0.953942 1.035325259500001
0.962258 1.0321958280000012
0.970575 1.027807761
0.978892 1.0242838129999994
0.987208 1.0209232935000014
0.995525 1.0180228589999971
1.003842 1.0142871285000012
1.012158 1.0121801234999992
1.020475 1.0089506890000013
1.028792 1.0069080219999995
1.037108 1.0039385509999994
1.045425 1.0024599614999987
1.053742 1.000818911499996
1.062058 0.9984801574999982
1.070375 0.9971514744999939
1.078692 0.994201723500003
1.087008 0.9941006425000011
1.095325 0.9934339189999981
1.103642 0.9914860569999974
1.111958 0.9921232970000007
1.120275 0.9902149209999999
1.128592 0.9917529809999999
1.136908 0.989369168999999
1.145225 0.9913337224999983
1.153542 0.9902335484999992
1.161858 0.9909185239999994
1.170175 0.9911124614999977
1.178492 0.9924676825000011
1.186808 0.9941025694999986
1.195125 0.9943368249999983
1.203442 0.9946316540000001
1.211758 0.9934561175000014
1.220075 0.9962421174999994
1.228392 0.9963445114999995
1.236708 0.9967188265
1.245025 0.9985783469999989
1.253342 0.997317597500001
1.261658 0.999316146999998
1.269975 0.999466414
1.278292 0.9988291265000013
1.286608 0.9991691305000003
1.294925 0.9994871204999984
1.303242 1.0005436255000006
1.311558 1.0000766739999996
1.319875 0.9987583244999949
1.328192 0.9996866819999992
1.336508 1.0007904015000002
1.344825 1.0000334395000046
1.353142 1.0006550244999948
1.361458 1.0008557425000006
1.369775 1.0007609040000083
1.378092 1.0005946854999999
1.386408 1.0010756900000026
1.394725 1.0001337445
1.403042 1.0014727150000016
1.411358 1.0003822840000014
1.419675 1.0004421364999991
1.427992 1.0005593410000007
1.436308 0.9996535634999986
1.444625 1.0000449814999985
1.452942 1.0000723275000005
1.461258 0.9994927305000019
1.469575 0.9991501394999982
1.477892 0.9996064929999946
1.486208 0.9988860849999995
1.494525 0.9989945759999956
1.502842 1.0003510120000005
1.511158 0.9987522339999982
1.519475 0.9993628134999988
1.527792 0.9992984969999977
1.536108 0.9999475575000021
1.544425 0.9988042664999914
1.552742 0.9989368915000012
1.561058 0.9993812630000002
1.569375 0.9993422425000011
1.577692 1.0003368490000004
1.586008 1.0004698799999978
1.594325 0.9997985995000007
1.602642 1.000814708499999
1.610958 1.0002871640000004
1.619275 1.0002984299999993
1.627592 0.9995630555000006
1.635908 1.0000054200000006
1.644225 1.0009509900000026
1.652542 0.9999139685000009
1.660858 1.0001866104999995
1.669175 1.0004275705000099
1.677492 0.9991528820000002
1.685808 1.00050601
1.694125 1.0007636059999976
1.702442 1.0005219309999986
1.710758 1.0008712155000006
1.719075 1.001085279499999
1.727392 1.0013102739999988
1.735708 1.0005940115000005
1.744025 1.0007854630000006
1.752342 1.000486023499999
1.760658 1.0010463665000002
1.768975 1.0002771004999995
1.777292 1.0002954119999994
1.785608 1.001372432999999
1.793925 1.000668892
1.802242 1.0014579664999994
1.810558 1.000574649499999
1.818875 1.0002114510000002
1.827192 1.0004159210000019
1.835508 0.9994812345000015
1.843825 1.0005611810000004
1.852142 0.9999632309999962
1.860458 1.000607575
1.868775 1.0004975645000016
1.877092 0.9999812525000009
1.885408 1.0006780380000033
1.893725 1.0003193440000007
1.902042 0.9999172780000108
1.910358 1.0000711834999978
1.918675 0.9998269095000007
1.926992 0.9992593459999989
1.935308 0.9998911910000002
1.943625 1.0006272565000005
1.951942 0.9999241535000033
1.960258 1.0001238654999984
1.968575 1.0001361499999868
1.976892 1.000326942999998
1.985208 1.0006479979999972
1.993525 0.999726705500001
2.001842 1.000558152999998
2.010158 1.000184153500001
2.018475 1.000358403999998
2.026792 0.9999249220000005
2.035108 1.0004488849999986
2.043425 1.0004868054999991
2.051742 1.000573760500001
2.060058 1.0002499114999983
2.068375 1.0003868395000006
2.076692 1.0002182880000001
2.085008 1.0003523750000016
2.093325 1.0003749120000007
2.101642 1.0000791100000024
2.109958 1.0001951619999983
2.118275 1.0009032059999994
2.126592 1.0004746235000022
2.134908 1.0006744560000007
2.143225 1.0008800304999994
2.151542 1.0004740734999995
2.159858 1.0004819355000005
2.168175 0.9996895995000017
2.176492 1.0005991149999975
2.184808 1.0002783164999989
2.193125 0.9998773664999998
2.201442 1.0003847789999998
2.209758 1.0007310284999997
2.218075 1.000724428000002
2.226392 1.000183409
2.234708 0.9997661220000013
2.243025 1.0003193949999993
2.251342 1.0000726819999994
2.259658 1.0000016629999984
2.267975 0.999933011499999
2.276292 0.999860333
2.284608 1.0005756710000004
2.292925 0.9997985530000025
2.301242 1.0006772199999985
2.309558 1.0005220015000025
2.317875 1.0005156025
2.326192 1.0003577729999984
2.334508 1.0006103795000003
2.342825 1.0005755250000001
2.351142 1.000662421499999
2.359458 0.9998589950000012
2.367775 1.0004433159999973
2.376092 1.0006933185
2.384408 1.0001610459999979
2.392725 1.0006363975000003
2.401042 1.0008650845
2.409358 1.0006554054999983
2.417675 1.0008432620000003
2.425992 1.0004896175000024
2.434308 1.0002685334999981
2.442625 0.9998114619999998
2.450942 0.9999353845000006
2.459258 1.0004534849999953
2.467575 1.0008744800000002
2.475892 1.0008112835000011
2.484208 1.0004092825000044
2.492525 1.0003086415000007
2.500842 1.000273619
2.509158 1.000544554500001
2.517475 1.0005914524999986
2.525792 1.000929345
2.534108 1.0000068870000005
2.542425 1.0000224090000003
2.550742 1.0001776390000006
2.559058 1.0004376879999974
2.567375 1.0001820780000037
2.575692 0.9998015600000005
2.584008 1.0004180025000031
2.592325 0.9995911569999992
2.600642 0.999848503499989
2.608958 0.9999595535000001
2.617275 1.0001249044999985
2.625592 1.000526325000002
2.633908 1.0002545884999992
2.642225 1.0005927504999996
2.650542 0.9999129045000007
2.658858 0.9994508030000023
2.667175 0.9997483054999984
2.675492 1.0000579365000004
2.683808 1.000346561999999
2.692125 1.0001886684999983
2.700442 1.000706682500002
2.708758 0.9997080804999934
2.717075 0.9996893170000013
2.725392 0.9998926555000023
2.733708 1.0003246999999997
2.742025 1.0005083239999975
2.750342 1.000045773000002
2.758658 0.9997066764999973
2.766975 1.0001415139999985
2.775292 1.000588485
2.783608 1.0004702115000013
2.791925 0.9999577845000011
2.800242 0.9997508100000017
2.808558 1.0000772369999993
2.816875 1.0002524724999984
2.825192 1.0006783610000003
2.833508 1.0002715564999993
2.841825 1.0000875174999997
2.850142 1.0001691184999986
2.858458 1.0006778170000006
2.866775 0.9996409784999997
2.875092 1.0002185085
2.883408 1.0001938624999993
2.891725 1.000040110999997
2.900042 1.0005058130000015
2.908358 1.0000960319999996
2.916675 0.9996051050000002
2.924992 0.999973926999997
2.933308 1.0007207830000011
2.941625 1.0001897004999998
2.949942 0.9997885505000002
2.958258 1.0008030749999992
2.966575 1.0005110749999995
2.974892 1.0000761320000027
2.983208 0.9996780104999994
2.991525 0.9997788710000008
2.999842 1.0000626149999963
3.008158 0.9998864255000011
3.016475 1.0001479765000025
3.024792 1.0002577259999976
3.033108 1.0002534254999997
3.041425 1.000547863000001
3.049742 1.0000482795000016
3.058058 1.0003927569999977
3.066375 0.9998988915
3.074692 0.9999959609999982
3.083008 0.9999859499999973
3.091325 1.0009494685000004
3.099642 1.0006808195000019
3.107958 1.0004996330000004
3.116275 0.9998946425000006
3.124592 1.0003023545000003
3.132908 1.000607894500001
3.141225 1.0004887630000026
3.149542 1.0008056845000004
3.157858 1.0001277914999975
3.166175 1.0003038395000012
3.174492 1.0000214250000001
3.182808 1.0009360115000001
3.191125 1.0005983840000012
3.199442 1.000735097999999
3.207758 1.0000611220000017
3.216075 1.0007098609999996
3.224392 1.0007051029999992
3.232708 1.0011344804999986
3.241025 1.0003004785
3.249342 1.0002780650000012
3.257658 1.0005417350000014
3.265975 0.9999826920000017
3.274292 1.0001406445000005
3.282608 1.0001308100000001
3.290925 0.9999187029999995
3.299242 1.0002599829999983
3.307558 1.0001154429999994
3.315875 1.000543581000002
3.324192 1.0007380360000013
3.332508 0.999630396499998
3.340825 1.0003290294999991
3.349142 1.0001264339999987
3.357458 1.0003122979999985
3.365775 1.0004885740000014
3.374092 1.0003712935000013
3.382408 1.0002072565000004
3.390725 0.9997919544999991
3.399042 0.9998291729999995
3.407358 0.9998018959999979
3.415675 1.000068302500002
3.423992 1.0003542334999982
3.432308 1.0002586449999995
3.440625 1.0000355970000008
3.448942 1.000243599000001
3.457258 1.0001497259999999
3.465575 1.0002605960000013
3.473892 1.0007045970000015
3.482208 1.0004277785000002
3.490525 1.0002398534999999
3.498842 1.000317960499999
3.507158 1.000198841999999
3.515475 1.0004312849999994
3.523792 1.0006121470000002
3.532108 1.0007209640000003
3.540425 1.0005713374999958
3.548742 1.0004032190000007
3.557058 1.0000827820000016
3.565375 1.0003997950000014
3.573692 1.0005128235000003
3.582008 1.0006228849999985
3.590325 1.0007836409999977
3.598642 0.9999698540000025
3.606958 1.0004939620000013
3.615275 1.0005125585000008
3.623592 1.0003472279999968
3.631908 1.000342883500001
3.640225 1.0005316630000018
3.648542 1.0001167594999991
3.656858 1.0001645494999996
3.665175 1.000395994499999
3.673492 1.0003220534999997
3.681808 0.9998380695000022
3.690125 1.0004142719999989
3.698442 0.9996979609999959
3.706758 1.000204945000002
3.715075 1.0000383429999988
3.723392 1.0002858529999992
3.731708 1.0003655665
3.740025 0.9999273010000016
3.748342 1.000745026499999
3.756658 0.999852383499998
3.764975 0.9997829605000014
3.773292 1.0001229905000013
3.781608 1.0000328905000013
3.789925 0.9998265559999984
3.798242 0.999818082999999
3.806558 1.0002856379999983
3.814875 0.9998383790000005
3.823192 0.9999866085000014
3.831508 0.9998752614999996
3.839825 1.000007771
3.848142 1.0005609124999995
3.856458 1.0004794870000002
3.864775 1.0002954984999994
3.873092 1.000168149000001
3.881408 1.000127004500001
3.889725 1.0001056579999996
3.898042 0.9999605485000006
3.906358 1.0005693199999985
3.914675 1.0000198419999982
3.922992 1.000336480500001
3.931308 1.0003546779999979
3.939625 1.000086167500001
3.947942 0.9997975289999975
3.956258 1.0006502295000002
3.964575 1.0004406114999993
3.972892 1.0000361070000001
3.981208 1.0002845229999997
3.989525 0.9999449274999979
3.997842 1.0006717634999998
4.006158 1.000072135000001
4.014475 1.0002385225000001
4.022792 1.000365298
4.031108 1.000564152000001
4.039425 1.0003014834999988
4.047742 1.0005533819999999
4.056058 1.0002097620000003
4.064375 1.0000301954999977
4.072692 1.0001683765000002
4.081008 1.0003901250000111
4.089325 1.0001987684999993
4.097642 1.0004846769999995
4.105958 1.0010315029999999
4.114275 1.0004453864999994
4.122592 0.9999819854999991
4.130908 1.0004577135000001
4.139225 1.000012168500001
4.147542 1.0004438884999995
4.155858 1.0004935009999996
4.164175 1.0001736864999982
4.172492 1.000143484499999
4.180808 1.000424991
4.189125 1.000988976500002
4.197442 1.0006860965000004
4.205758 1.0006779304999995
4.214075 1.000132690000001
4.222392 1.0002559895000007
4.230708 1.0004892210000003
4.239025 1.0001618934999996
4.247342 1.000030956
4.255658 1.0006544759999987
4.263975 1.0002845219999992
4.272292 0.9997748289999985
4.280608 0.9999743045000004
4.288925 1.0001332650000012
4.297242 0.9998303180000022
4.305558 0.9999665279999993
4.313875 0.9996596350000058
4.322192 0.9999977789999996
4.330508 0.9997783705000013
4.338825 0.9999378864999996
4.347142 1.0000997890000007
4.355458 1.0001021625000008
4.363775 1.0001537734999986
4.372092 1.0003096750000016
4.380408 1.0001649654999984
4.388725 1.000287124999998
4.397042 1.0000217219999998
4.405358 1.0002699685
4.413675 1.0004983749999998
4.421992 1.0004014095000038
4.430308 1.0002477684999997
4.438625 1.0001490434999982
4.446942 0.9999126740000013
4.455258 1.0002600629999985
4.463575 1.000051142499998
4.471892 1.000277528
4.480208 1.000347371999999
4.488525 1.0002532055000002
4.496842 1.0003931389999992
4.505158 0.9999958704999993
4.513475 1.000393000000001
4.521792 1.0004630825000018
4.530108 1.0002430355000043
4.538425 1.0002174105000035
4.546742 1.0002264735000017
4.555058 1.0003541414999986
4.563375 1.000353040000001
4.571692 1.0001014545000007
4.580008 1.0001645625000006
4.588325 1.0004467514999984
4.596642 1.0004788589999989
4.604958 1.0003383109999988
4.613275 1.0001338839999991
4.621592 1.0002944839999988
4.629908 1.000286306499999
4.638225 1.0002440044999992
4.646542 1.000208793499998
4.654858 1.0002660894999982
4.663175 1.0003213304999987
4.671492 1.0003504139999986
4.679808 1.0000603995
4.688125 1.000223263500001
4.696442 1.0001931730000002
4.704758 1.0003604714999992
4.713075 1.000300757499999
4.721392 1.000604168999997
4.729708 1.0003833624999992
4.738025 1.0000711660000003
4.746342 1.0003829370000008
4.754658 1.000508229499996
4.762975 1.0005536510000002
4.771292 1.0004237865000005
4.779608 1.0004437024999957
4.787925 1.0001551995000004
4.796242 1.000242372000001
4.804558 1.0003026124999992
4.812875 1.0003989884999982
4.821192 1.000378229000001
4.829508 1.0002539859999995
4.837825 1.0005891060000003
4.846142 1.000366099499999
4.854458 1.0004259580000014
4.862775 1.0003597364999994
4.871092 1.0002197555000014
4.879408 1.0002063265
4.887725 1.0002400689999988
4.896042 1.0002749780000009
4.904358 1.0005893330000009
4.912675 1.0002443244999988
4.920992 1.0002278119999988
4.929308 1.000310412000001
4.937625 1.0005036110000005
4.945942 1.000108107000001
4.954258 1.0004220955000012
4.962575 1.0001959080000005
4.970892 1.0003526039999986
4.979208 1.0000055084999986
4.987525 1.000149324000001
4.995842 1.0000555799999986
