# r rdf(r)  n_part=14949 rho_ions=1.505535 rho_solvent=5.639403192306457 d0=0.4 d1=0.4 d=0.5 eps=10000 type=12 avg_count=999 rs=2.3728310873274836 ldy=0.16857499976979798 box_l=12 lbj=0.93 volume_fraction=0.4699999999999999
0.014992 0.0
0.024975 0.0
0.034958 0.0
0.044942 0.0
0.054925 0.0
0.064908 0.0
0.074892 0.0
0.084875 0.0
0.094858 0.0
0.104842 0.0
0.114825 0.0
0.124808 0.0
0.134792 0.0
0.144775 0.0
0.154758 0.0
0.164742 0.0
0.174725 0.0
0.184708 0.0
0.194692 0.0
0.204675 0.0
0.214658 0.0
0.224642 0.0
0.234625 0.0
0.244608 0.0
0.254592 0.0
0.264575 0.0
0.274558 0.0
0.284542 0.0
0.294525 0.0
0.304508 0.0
0.314492 0.0
0.324475 0.0
0.334458 0.0
0.344442 0.0
0.354425 0.0
0.364408 0.0
0.374392 0.0
0.384375 0.0
0.394358 0.0
0.404342 0.0
0.414325 0.0
0.424308 0.0
0.434292 0.0
0.444275 0.05403552000000011
0.454258 4.390471915999997
0.464242 3.8437044500000024
0.474225 3.329456652000007
0.484208 2.889353231
0.494192 2.5247987280000035
0.504175 2.2213193860000024
0.514158 1.9628535609999984
0.524142 1.7434087030000003
0.534125 1.563812552
0.544108 1.4050523559999992
0.554092 1.2771229880000003
0.564075 1.1655029570000004
0.574058 1.0700694379999989
0.584042 0.989534611000001
0.594025 0.9198627209999989
0.604008 0.8612236949999998
0.613992 0.8132656540000127
0.623975 0.7728864329999997
0.633958 0.7393943079999998
0.643942 0.7127345649999997
0.653925 0.6904184499999999
0.663908 0.6735944099999995
0.673892 0.6615584449999983
0.683875 0.6532153809999994
0.693858 0.6532472880000002
0.703842 0.6520068789999999
0.713825 0.6589526229999989
0.723808 0.6676212829999992
0.733792 0.6821268059999999
0.743775 0.700194921999999
0.753758 0.7214460319999997
0.763742 0.746507573
0.773725 0.7772574589999995
0.783708 0.8125406330000003
0.793692 0.849822692000001
0.803675 0.8879397759999997
0.813658 0.9270351160000012
0.823642 0.9684934760000007
0.833625 1.0064424909999987
0.843608 1.0464013479999994
0.853592 1.0797554570000003
0.863575 1.1073660720000003
0.873558 1.1285500899999985
0.883542 1.1437411399999986
0.893525 1.1529364369999997
0.903508 1.1635769819999962
0.913492 1.1709713499999994
0.923475 1.1813312800000015
0.933458 1.189347269000001
0.943442 1.1998352330000002
0.953425 1.211284304999998
0.963408 1.2116838199999962
0.973392 1.1995072150000003
0.983375 1.1790844879999993
0.993358 1.1547134799999992
1.003342 1.1258778340000009
1.013325 1.097954078999999
1.023308 1.067648375999999
1.033292 1.0397084609999998
1.043275 1.0144904169999993
1.053258 0.9879100400000006
1.063242 0.9660523970000002
1.073225 0.9470550290000014
1.083208 0.9304221389999997
1.093192 0.9158479069999993
1.103175 0.9046066510000005
1.113158 0.8941994859999985
1.123142 0.8889234580000003
1.133125 0.8853199519999992
1.143108 0.8820894899999983
1.153092 0.8841720440000002
1.163075 0.887429983
1.173058 0.8902867630000001
1.183042 0.8983140519999986
1.193025 0.9062502349999998
1.203008 0.9166206679999995
1.212992 0.9272478830000006
1.222975 0.9402772530000011
1.232958 0.9515794870000008
1.242942 0.9647324040000003
1.252925 0.9770102629999992
1.262908 0.9899201280000013
1.272892 1.0018876020000003
1.282875 1.0142747569999986
1.292858 1.0250862639999996
1.302842 1.0345489700000003
1.312825 1.0426327779999904
1.322808 1.0509218469999997
1.332792 1.0576630529999997
1.342775 1.0606556159999996
1.352758 1.063199486999999
1.362742 1.0646791479999993
1.372725 1.063958788999999
1.382708 1.0629816149999995
1.392692 1.0598922979999994
1.402675 1.0567301779999996
1.412658 1.0525127979999993
1.422642 1.047440531999999
1.432625 1.0420419399999994
1.442608 1.035584714999999
1.452592 1.0290216310000009
1.462575 1.022193218
1.472558 1.0156684670000005
1.482542 1.0084182529999992
1.492525 1.0006120739999997
1.502508 0.9950942789999992
1.512492 0.9873212139999991
1.522475 0.9823294359999999
1.532458 0.9764644859999997
1.542442 0.9716456179999994
1.552425 0.9685807289999999
1.562408 0.9651073630000003
1.572392 0.9625316729999999
1.582375 0.9618064330000008
1.592358 0.9603520370000005
1.602342 0.9606056360000007
1.612325 0.9624478520000004
1.622308 0.9638880820000001
1.632292 0.9674268039999999
1.642275 0.9692799750000005
1.652258 0.972867197000001
1.662242 0.976272240000001
1.672225 0.9812353540000012
1.682208 0.9857367860000011
1.692192 0.9903062159999994
1.702175 0.994745199000001
1.712158 0.9987959089999996
1.722142 1.003356610999999
1.732125 1.00744831
1.742108 1.0110553530000017
1.752092 1.013511877
1.762075 1.0166761869999994
1.772058 1.0186034869999987
1.782042 1.0208871260000003
1.792025 1.0215435569999995
1.802008 1.0226298239999998
1.811992 1.023085555000002
1.821975 1.0233236280000004
1.831958 1.0216766309999994
1.841942 1.0205488630000012
1.851925 1.0194595769999986
1.861908 1.0174125019999993
1.871892 1.0156205660000017
1.881875 1.0136275109999993
1.891858 1.0107131679999992
1.901842 1.0083530729999994
1.911825 1.005358808999999
1.921808 1.0030322909999998
1.931792 0.999573352999999
1.941775 0.9986140749999983
1.951758 0.9960760440000025
1.961742 0.9939714189999997
1.971725 0.9913304820000002
1.981708 0.9898762249999987
1.991692 0.9893548760000002
2.001675 0.9872237320000005
2.011658 0.9868607560000001
2.021642 0.9861264860000005
2.031625 0.986036498
2.041608 0.986018916000001
2.051592 0.9861745959999987
2.061575 0.9866742279999984
2.071558 0.9882075229999995
2.081542 0.9890184310000026
2.091525 0.9899132560000008
2.101508 0.9918203720000005
2.111492 0.9921825580000009
2.121475 0.9939781990000003
2.131458 0.9956291559999983
2.141442 0.9972365330000004
2.151425 0.9993506790000007
2.161408 1.0004502720000004
2.171392 1.002222741
2.181375 1.0033962109999992
2.191358 1.005424629
2.201342 1.0054607840000005
2.211325 1.0061750240000011
2.221308 1.0070287429999987
2.231292 1.0079148369999995
2.241275 1.0079011289999993
2.251258 1.0087357669999988
2.261242 1.0080200749999997
2.271225 1.0083893449999999
2.281208 1.0085131310000002
2.291192 1.0075926460000006
2.301175 1.006308146000001
2.311158 1.0058823480000003
2.321142 1.0056848370000002
2.331125 1.0042087929999992
2.341108 1.0031685929999998
2.351092 1.0021955920000005
2.361075 1.001190166
2.371058 1.0000656600000006
2.381042 1.0002418959999997
2.391025 0.998367523
2.401008 0.9979948540000017
2.410992 0.9970976210000001
2.420975 0.9963865960000006
2.430958 0.9955364749999995
2.440942 0.9955715080000004
2.450925 0.9948262580000011
2.460908 0.9953751619999986
2.470892 0.9946507219999994
2.480875 0.9949202509999991
2.490858 0.9951038150000009
2.500842 0.9952030970000001
2.510825 0.9954867340000002
2.520808 0.9955449760000005
2.530792 0.9960809539999999
2.540775 0.9963718479999997
2.550758 0.997273427000001
2.560742 0.9982001599999991
2.570725 0.9982929700000008
2.580708 0.9988805550000006
2.590692 0.9994624250000007
2.600675 1.000682847
2.610658 1.0002418339999992
2.620642 1.0014003850000004
2.630625 1.002055276000001
2.640608 1.002066305999999
2.650592 1.00274187
2.660575 1.0026969079999999
2.670558 1.0030460610000003
2.680542 1.0036116160000006
2.690525 1.0033764019999971
2.700508 1.0034279730000004
2.710492 1.0030468779999993
2.720475 1.0029949749999987
2.730458 1.0031114659999996
2.740442 1.0031106669999998
2.750425 1.0024451450000005
2.760408 1.0027910719999995
2.770392 1.0017131739999996
2.780375 1.0014550279999992
2.790358 1.0012666719999994
2.800342 1.0003953170000006
2.810325 1.0004262379999995
2.820308 0.999924181
2.830292 0.9992158880000003
2.840275 0.999307063
2.850258 0.9989231369999999
2.860242 0.9987798080000011
2.870225 0.9983045720000009
2.880208 0.9978842390000003
2.890192 0.9980535269999997
2.900175 0.9981065110000005
2.910158 0.9977558509999997
2.920142 0.9976069859999999
2.930125 0.9980605159999997
2.940108 0.9981251699999982
2.950092 0.9981339079999995
2.960075 0.9986270449999991
2.970058 0.9984301489999995
2.980042 0.9982079200000008
2.990025 0.9986518640000007
3.000008 0.998996952000001
3.009992 0.9992606800000008
3.019975 0.9993046109999993
3.029958 0.9998652179999998
3.039942 1.0003605750000006
3.049925 1.0001188829999998
3.059908 1.000404605
3.069892 1.000601766
3.079875 1.000655463999999
3.089858 1.0012515399999997
3.099842 1.000725908
3.109825 1.0008163989999996
3.119808 1.0011679509999996
3.129792 1.0016158489999993
3.139775 1.0013244199999993
3.149758 1.000847554
3.159742 1.001233653
3.169725 1.0012458560000006
3.179708 1.0009708019999999
3.189692 1.000743530999999
3.199675 1.000618021000001
3.209658 1.0007813000000005
3.219642 1.0008728780000011
3.229625 1.0005244089999996
3.239608 0.9999158200000005
3.249592 1.0002886760000003
3.259575 1.000205219000001
3.269558 1.0000344349999997
3.279542 0.999545528000001
3.289525 0.999537294999999
3.299508 0.9994791110000013
3.309492 0.999355997
3.319475 0.9992549579999992
3.329458 0.9995965860000002
3.339442 0.9992150289999998
3.349425 0.9993094479999985
3.359408 0.9997983480000004
3.369392 0.9989572609999992
3.379375 0.9989443420000015
3.389358 0.9992129570000013
3.399342 0.9993259930000002
3.409325 0.9995329779999997
3.419308 0.9996738350000013
3.429292 0.9995558180000002
3.439275 0.9995888910000008
3.449258 0.9996867450000011
3.459242 0.9997328190000002
3.469225 0.9999478150000021
3.479208 0.9999423610000007
3.489192 0.9999236560000005
3.499175 0.999979891
3.509158 0.9998434519999989
3.519142 1.0002067979999996
3.529125 1.000384959000001
3.539108 1.000356620999999
3.549092 1.000127962
3.559075 1.0007086170000004
3.569058 1.000352782
3.579042 1.0004861599999997
3.589025 1.0002305970000007
3.599008 0.9999471350000007
3.608992 0.9999588020000006
3.618975 1.0006231430000003
3.628958 0.9999749369999993
3.638942 1.000071537000001
3.648925 1.0002466619999992
3.658908 1.0000719330000003
3.668892 1.0001039270000003
3.678875 1.0000019819999997
3.688858 0.999646414
3.698842 1.000078379999999
3.708825 0.9997334830000003
3.718808 0.9996058430000005
3.728792 1.000010288
3.738775 0.9998197889999991
3.748758 0.9995714849999994
3.758742 0.9995051480000003
3.768725 0.9997498999999985
3.778708 0.9994642429999996
3.788692 0.9996735890000007
3.798675 0.9995987300000002
3.808658 0.9998016620000003
3.818642 0.9997024269999989
3.828625 0.9996392349999997
3.838608 0.99980789
3.848592 0.9996086020000007
3.858575 0.9995503909999992
3.868558 0.9999701420000008
3.878542 0.9996241339999996
3.888525 1.0000158789999996
3.898508 0.9996972940000005
3.908492 1.0001485940000003
3.918475 0.9997302440000002
3.928458 0.9998797180000016
3.938442 0.9998534610000015
3.948425 0.9999933549999992
3.958408 1.0001716670000012
3.968392 0.999986984
3.978375 1.0001401740000015
3.988358 1.0002458140000001
3.998342 1.0002050789999997
4.008325 1.0004841450000002
4.018308 0.9999796679999995
4.028292 1.000022241000001
4.038275 0.999886733
4.048258 1.0003200959999992
4.058242 1.000294916
4.068225 0.9998176530000016
4.078208 0.9999223919999994
4.088192 1.000410626999999
4.098175 0.9999555530000002
4.108158 1.0000756629999994
4.118142 1.0000721490000009
4.128125 0.9999872750000002
4.138108 0.9997335880000005
4.148092 0.9996942029999998
4.158075 1.0000868740000008
4.168058 0.9998606000000002
4.178042 1.0001344910000007
4.188025 1.0001177270000015
4.198008 0.9998869940000011
4.207992 0.9999337000000003
4.217975 0.9998788239999995
4.227958 0.9998808479999984
4.237942 1.0001410910000004
4.247925 1.0001641209999994
4.257908 0.9998930039999998
4.267892 0.9997319399999995
4.277875 0.9994724210000008
4.287858 0.9999149
4.297842 0.9999765660000003
4.307825 0.9998764070000008
4.317808 0.9997093250000005
4.327792 1.000070064
4.337775 1.0001503579999997
4.347758 0.9998022069999999
4.357742 0.9997317259999996
4.367725 0.9997484080000004
4.377708 0.9998824149999997
4.387692 1.0001194220000011
4.397675 0.9999077939999998
4.407658 1.000022394
4.417642 1.0001063210000005
4.427625 1.0002624419999988
4.437608 1.0000177800000007
4.447592 0.9999657510000011
4.457575 1.0003311880000003
4.467558 1.0003029549999993
4.477542 0.9998447280000012
4.487525 1.0001759179999985
4.497508 1.0002109560000005
4.507492 1.0003537119999995
4.517475 1.0001550589999995
4.527458 1.000328435999999
4.537442 1.0003508900000002
4.547425 1.0000260049999987
4.557408 1.0002150459999997
4.567392 1.0000988120000012
4.577375 1.000126316
4.587358 1.0000057450000004
4.597342 0.99986603
4.607325 1.0002148759999994
4.617308 1.0002222919999988
4.627292 0.9998667670000017
4.637275 0.999900024000001
4.647258 1.0001700880000004
4.657242 0.9999909740000001
4.667225 1.0002507319999991
4.677208 1.0002370870000004
4.687192 1.000339422
4.697175 1.0000285720000015
4.707158 1.0001271259999986
4.717142 1.0002201040000007
4.727125 0.9999835309999999
4.737108 1.000014464999999
4.747092 1.000160999
4.757075 0.9999496699999997
4.767058 1.0003706770000005
4.777042 1.0002185290000005
4.787025 1.0004637919999995
4.797008 0.9997865620000007
4.806992 0.9999955639999999
4.816975 1.0001285759999996
4.826958 1.000075008
4.836942 0.9999927259999998
4.846925 0.9999651750000004
4.856908 1.0003314390000007
4.866892 1.0002231729999993
4.876875 0.9999986429999986
4.886858 1.0004721860000005
4.896842 0.9999933630000001
4.906825 0.9998210960000009
4.916808 0.9999903150000012
4.926792 1.0000911110000004
4.936775 1.0002303449999996
4.946758 1.0000473610000007
4.956742 1.0003482769999992
4.966725 0.9999440770000001
4.976708 1.0003868040000001
4.986692 1.000416428
4.996675 1.0004066270000007
5.006658 1.0004749410000005
5.016642 1.0000188319999983
5.026625 1.0002135059999997
5.036608 1.0002001729999996
5.046592 0.9999276720000002
5.056575 1.0003171879999997
5.066558 0.999995885000001
5.076542 1.0001947290000004
5.086525 1.0001976160000003
5.096508 1.00014546
5.106492 0.9999805809999999
5.116475 0.9999425139999993
5.126458 1.0000859130000002
5.136442 1.000091358
5.146425 1.000233640000001
5.156408 1.0001716439999997
5.166392 1.000412268
5.176375 1.0000318609999999
5.186358 1.0004390570000006
5.196342 0.9998602590000008
5.206325 1.0002049870000014
5.216308 0.9999885810000003
5.226292 1.0002981599999987
5.236275 1.0003365240000015
5.246258 1.0001584229999991
5.256242 1.0003220219999993
5.266225 1.0000453040000006
5.276208 1.0001594360000001
5.286192 1.0004493660000002
5.296175 1.000342305
5.306158 1.000366056999999
5.316142 1.0003201359999991
5.326125 1.000282701
5.336108 1.000346654
5.346092 1.0003504189999988
5.356075 1.0002762760000017
5.366058 1.0003221759999992
5.376042 1.0003441620000002
5.386025 1.0003688270000004
5.396008 1.000471267
5.405992 1.0003831469999998
5.415975 1.0005068089999993
5.425958 1.000462629
5.435942 1.000475367999999
5.445925 1.0002835630000007
5.455908 1.0004614339999995
5.465892 1.0002769120000008
5.475875 1.0005577940000003
5.485858 1.0002778879999998
5.495842 1.000331734
5.505825 1.0002212860000004
5.515808 1.0002557549999995
5.525792 1.0005160350000009
5.535775 1.0005239410000006
5.545758 1.0004141139999991
5.555742 1.000414356
5.565725 1.0003745189999997
5.575708 1.0000555230000003
5.585692 1.0001844789999998
5.595675 1.0003332650000007
5.605658 1.0003932150000001
5.615642 1.0005144059999995
5.625625 1.0001740650000004
5.635608 1.0001800870000002
5.645592 1.000331130999999
5.655575 1.0004165040000006
5.665558 1.0002058470000008
5.675542 1.000163569
5.685525 1.000252243000001
5.695508 1.0001932760000012
5.705492 1.0002784430000002
5.715475 1.0000939599999983
5.725458 1.000538713
5.735442 1.0001288659999994
5.745425 1.0003632770000002
5.755408 1.000147984
5.765392 1.0005736589999998
5.775375 1.000340352
5.785358 1.000196124
5.795342 1.000295594000001
5.805325 1.0002976390000007
5.815308 1.0004604499999998
5.825292 1.0005210680000007
5.835275 1.0002533740000012
5.845258 1.0003169740000006
5.855242 1.000265912999999
5.865225 1.0003977899999992
5.875208 1.000311836999999
5.885192 1.0002918450000005
5.895175 1.0002860130000006
5.905158 1.000260045000002
5.915142 1.0003915090000004
5.925125 1.0003338659999985
5.935108 1.000364721
5.945092 1.000547977999999
5.955075 1.0004213130000013
5.965058 1.0001149519999988
5.975042 1.000206684999999
5.985025 1.0002612139999982
5.995008 1.0004651339999984
