# r rdf(r)  n_part=9636 rho_ions=4.817712 rho_solvent=0 d0=0.4 d1=0.4 d=0.4 eps=10000 type=00 avg_count=1999 rs=3.682555988600138 ldy=0.10862020869153256 box_l=10 lbj=0.7 volume_fraction=0.32288615736130344
0.014158 0.0
0.022475 0.0
0.030792 0.0
0.039108 0.0
0.047425 0.0
0.055742 0.0
0.064058 0.0
0.072375 0.0
0.080692 0.0
0.089008 0.0
0.097325 0.0
0.105642 0.0
0.113958 0.0
0.122275 0.0
0.130592 0.0
0.138908 0.0
0.147225 0.0
0.155542 0.0
0.163858 0.0
0.172175 0.0
0.180492 0.0
0.188808 0.0
0.197125 0.0
0.205442 0.0
0.213758 0.0
0.222075 0.0
0.230392 0.0
0.238708 0.0
0.247025 0.0
0.255342 0.0
0.263658 0.0
0.271975 0.0
0.280292 0.0
0.288608 0.0
0.296925 0.0
0.305242 0.0
0.313558 0.0
0.321875 0.0
0.330192 0.0
0.338508 0.0
0.346825 0.0
0.355142 0.0
0.363458 0.0
0.371775 0.0
0.380092 0.0
0.388408 0.0
0.396725 0.3121202540000006
0.405042 1.6962922065000012
0.413358 1.6338215270000014
0.421675 1.5649130284999961
0.429992 1.5066038194999982
0.438308 1.4534160720000016
0.446625 1.3992515549999998
0.454942 1.351332652000001
0.463258 1.3036723784999977
0.471575 1.2590879145
0.479892 1.2192313680000009
0.488208 1.1787196404999993
0.496525 1.1429961994999978
0.504842 1.1091924774999966
0.513158 1.0760960544999987
0.521475 1.0487658494999952
0.529792 1.021227166000002
0.538108 0.9948425920000014
0.546425 0.9741299724999984
0.554742 0.9532276279999958
0.563058 0.9359883255000011
0.571375 0.919042194500001
0.579692 0.9036724585000043
0.588008 0.8882284149999998
0.596325 0.8782656605000032
0.604642 0.8701270854999991
0.612958 0.8611514275000002
0.621275 0.8553331285000002
0.629592 0.8487323289999823
0.637908 0.8472191600000146
0.646225 0.8457391710000005
0.654542 0.8463352609999971
0.662858 0.8483534355000014
0.671175 0.8515196455000007
0.679492 0.8574681164999933
0.687808 0.8642402525000036
0.696125 0.8726188364999978
0.704442 0.8821676829999994
0.712758 0.8928366369999982
0.721075 0.9072988464999983
0.729392 0.9218176859999975
0.737708 0.9368632120000028
0.746025 0.9544074429999991
0.754342 0.9695112050000008
0.762658 0.9894862484999983
0.770975 1.0078769145000046
0.779292 1.0261112995000006
0.787608 1.047625005499999
0.795925 1.0666749154999997
0.804242 1.0867897529999988
0.812558 1.102017193499999
0.820875 1.1124844350000025
0.829192 1.1163715489999992
0.837508 1.119782783999999
0.845825 1.1211872820000006
0.854142 1.1184929964999988
0.862458 1.1149304070000015
0.870775 1.1082140845000024
0.879092 1.1002584969999991
0.887408 1.0937270270000021
0.895725 1.085571069499999
0.904042 1.077156445500001
0.912358 1.0670679344999778
0.920675 1.0587088055000005
0.928992 1.0510379985
0.937308 1.0414855084999974
0.945625 1.033727044499998
0.953942 1.0259563794999909
0.962258 1.0182840685000036
0.970575 1.0104621114999974
0.978892 1.0054710140000007
0.987208 0.9982864200000028
0.995525 0.9931766554999979
1.003842 0.9876416675000002
1.012158 0.9830404034999999
1.020475 0.9780559255000011
1.028792 0.9773528269999998
1.037108 0.9736608880000025
1.045425 0.9713123715000025
1.053742 0.9692880674999972
1.062058 0.9684443144999988
1.070375 0.9683974084999984
1.078692 0.9672358414999982
1.087008 0.9679827164999931
1.095325 0.969821621500002
1.103642 0.9703820895000168
1.111958 0.9715155624999982
1.120275 0.9736471604999972
1.128592 0.9761246655000017
1.136908 0.9781858449999994
1.145225 0.9813232814999989
1.153542 0.9835528419999999
1.161858 0.9858277905000015
1.170175 0.9889035920000004
1.178492 0.9928784819999978
1.186808 0.9945175435000062
1.195125 0.9977012574999985
1.203442 0.9995892009999948
1.211758 1.002284471999997
1.220075 1.0041178839999971
1.228392 1.0064670165000003
1.236708 1.0077625744999985
1.245025 1.0078015359999986
1.253342 1.0088412440000032
1.261658 1.0095438079999979
1.269975 1.0089080994999993
1.278292 1.0102274775000022
1.286608 1.008794704000001
1.294925 1.008703989500001
1.303242 1.0084013329999997
1.311558 1.0070023105000137
1.319875 1.0064472535000009
1.328192 1.0062042854999993
1.336508 1.0053241665000003
1.344825 1.0042064520000018
1.353142 1.002541148000001
1.361458 1.003126257
1.369775 1.001652046000002
1.378092 1.0013296865000008
1.386408 0.9991309060000002
1.394725 0.9992325134999985
1.403042 0.9982465550000014
1.411358 0.9982064404999991
1.419675 0.9976331475000001
1.427992 0.9963564425000011
1.436308 0.9964468504999983
1.444625 0.996208991000003
1.452942 0.9970234825000015
1.461258 0.9967945565000003
1.469575 0.9950837424999991
1.477892 0.9961769695000022
1.486208 0.9959334479999999
1.494525 0.9960033589999998
1.502842 0.9963734499999997
1.511158 0.9973753914999985
1.519475 0.9972214699999985
1.527792 0.9979317045000009
1.536108 0.9975337490000008
1.544425 0.9981688539999998
1.552742 0.9991036480000005
1.561058 0.9989553740000027
1.569375 1.0000351594999999
1.577692 0.9998065290000016
1.586008 1.0008007125000011
1.594325 1.0019045380000047
1.602642 1.0022948420000009
1.610958 1.001864828499997
1.619275 1.0024182635
1.627592 1.0031647395000032
1.635908 1.0029243894999995
1.644225 1.003813118499999
1.652542 1.0030632770000005
1.660858 1.0032508360000003
1.669175 1.0032056674999996
1.677492 1.0024429354999997
1.685808 1.0036293740000022
1.694125 1.0027986300000031
1.702442 1.003462848000003
1.710758 1.003007560499979
1.719075 1.0018423519999973
1.727392 1.0025635279999991
1.735708 1.0016386539999975
1.744025 1.0016075200000008
1.752342 1.0015795250000008
1.760658 1.0010375010000019
1.768975 1.0011932650000024
1.777292 1.0011012584999996
1.785608 1.000869606000002
1.793925 1.0000802454999997
1.802242 0.9997767189999989
1.810558 0.9999627945000021
1.818875 0.9995409955000004
1.827192 0.9997305235000008
1.835508 0.9979665860000007
1.843825 0.9990273240000008
1.852142 0.9991469120000003
1.860458 0.9987477375000003
1.868775 0.9985682429999981
1.877092 0.9982605235000005
1.885408 0.9988797804999989
1.893725 0.9979310880000009
1.902042 0.9985378034999992
1.910358 0.9984044234999997
1.918675 0.9992153104999985
1.926992 0.9993133919999989
1.935308 0.9986775299999974
1.943625 0.9984874535000021
1.951942 0.9987368600000086
1.960258 0.9994576764999998
1.968575 0.9994875824999989
1.976892 0.9993819045000005
1.985208 0.9999830580000001
1.993525 0.9994953459999997
2.001842 1.0000941790000013
2.010158 1.0003140200000007
2.018475 0.9999679809999984
2.026792 0.9998419295000007
2.035108 0.9999385519999985
2.043425 1.0002513804999966
2.051742 1.000490537
2.060058 1.0004457115000025
2.068375 1.0006338804999997
2.076692 1.000867625500002
2.085008 1.0005364310000011
2.093325 1.0010157964999966
2.101642 1.0010319045000002
2.109958 1.0003249010000002
2.118275 1.0004161789999988
2.126592 1.0008890019999992
2.134908 1.000705282500001
2.143225 1.0008688264999992
2.151542 1.0007278525000018
2.159858 1.0007193255000018
2.168175 1.0008153950000003
2.176492 1.0008596594999994
2.184808 1.000513855500001
2.193125 1.0005355825000006
2.201442 1.000849215000003
2.209758 0.9997739900000062
2.218075 1.0009375325000014
2.226392 1.0005169249999983
2.234708 1.0004042820000034
2.243025 0.9997147905000019
2.251342 0.9996848439999998
2.259658 1.0000693535000025
2.267975 0.9997069579999996
2.276292 1.000341771499998
2.284608 1.0002960849999993
2.292925 1.0001650465000018
2.301242 1.0004040989999994
2.309558 1.0001762180000002
2.317875 1.0002802290000001
2.326192 1.0002547669999984
2.334508 1.0002952289999993
2.342825 1.000270993000002
2.351142 1.000446788999997
2.359458 1.000146680999997
2.367775 0.9997240940000005
2.376092 1.0000431189999994
2.384408 1.0000221070000004
2.392725 0.9999615279999986
2.401042 1.0004077919999994
2.409358 0.9998125275
2.417675 1.0004049804999977
2.425992 1.0004188715000024
2.434308 1.000190773000002
2.442625 1.0003573655000007
2.450942 1.0004901675
2.459258 1.0003216109999995
2.467575 1.0000507739999993
2.475892 1.0005001795000004
2.484208 1.0001606739999984
2.492525 0.9999612135000011
2.500842 1.0001535920000002
2.509158 0.9999323034999955
2.517475 0.9999937239999995
2.525792 0.9999849540000014
2.534108 1.0000456529999984
2.542425 1.000326785
2.550742 1.000404509
2.559058 1.0006401920000025
2.567375 1.000233595500001
2.575692 1.000338393999999
2.584008 1.0002572245
2.592325 1.0003813074999999
2.600642 1.0001286819999997
2.608958 0.9999485390000005
2.617275 1.0004469459999996
2.625592 1.000381615
2.633908 1.000019180000003
2.642225 1.0004974175
2.650542 1.0008115344999997
2.658858 1.0005498529999994
2.667175 1.000103288
2.675492 0.9997678524999974
2.683808 1.0001343784999988
2.692125 1.0003436805000023
2.700442 1.0004716154999993
2.708758 0.9998188754999998
2.717075 1.000209209500002
2.725392 1.000130268
2.733708 1.0001255664999984
2.742025 1.0001579215000025
2.750342 0.9996938569999988
2.758658 1.0003863810000009
2.766975 0.9997010270000005
2.775292 0.9999628224999985
2.783608 0.9999730684999993
2.791925 0.9999383045000004
2.800242 1.0000215699999988
2.808558 0.999916012499999
2.816875 0.9996239229999986
2.825192 1.000177563000002
2.833508 0.9999698160000002
2.841825 1.0000484384999981
2.850142 1.0004679760000001
2.858458 1.000170684500001
2.866775 0.9995979019999985
2.875092 1.000130033000001
2.883408 1.0001899250000013
2.891725 0.9996199639999991
2.900042 1.0005657365000011
2.908358 0.9999148350000026
2.916675 1.000472311000001
2.924992 1.0005960330000025
2.933308 1.0002876864999983
2.941625 1.0003069995000005
2.949942 1.0000551320000002
2.958258 0.9997881375000013
2.966575 1.0001307559999981
2.974892 0.9998778540000001
2.983208 1.000041826500001
2.991525 1.0000226305
2.999842 1.0004096095000024
3.008158 0.9998697725000003
3.016475 1.000252152499998
3.024792 1.000209515500006
3.033108 1.0005274094999985
3.041425 1.0003781034999948
3.049742 1.000071119000002
3.058058 1.0001825695
3.066375 0.9998746424999988
3.074692 1.000752896
3.083008 1.0005524219999964
3.091325 1.0003780835000027
3.099642 1.0002622874999996
3.107958 1.000879725
3.116275 1.0001642864999987
3.124592 1.0004302349999978
3.132908 1.0004582699999993
3.141225 1.0004810600000034
3.149542 1.0004128735000002
3.157858 0.9998295180000012
3.166175 1.0003154525000026
3.174492 1.000254292999998
3.182808 1.0004740155
3.191125 1.0001996430000002
3.199442 1.0001960089999986
3.207758 1.0004095290000006
3.216075 1.0002765320000004
3.224392 1.0003911810000012
3.232708 1.0004518699999998
3.241025 0.9999258809999997
3.249342 1.0003690634999987
3.257658 1.0002634209999992
3.265975 1.000188334499998
3.274292 0.9999979689999993
3.282608 1.0000628915000016
3.290925 1.0000919599999984
3.299242 1.000300311499999
3.307558 1.0004099024999982
3.315875 1.0001550469999945
3.324192 1.0001321034999997
3.332508 1.0001508194999988
3.340825 0.9999132140000008
3.349142 1.0000221439999992
3.357458 1.0000572334999993
3.365775 1.0000973454999988
3.374092 1.0000831560000005
3.382408 1.000241681500001
3.390725 1.0002624215000002
3.399042 0.9996631284999998
3.407358 0.9999700345000007
3.415675 1.000081270499999
3.423992 1.0000897039999996
3.432308 1.0000074404999997
3.440625 1.0001488935000005
3.448942 1.0002453889999994
3.457258 1.0006284749999994
3.465575 1.0002764295000006
3.473892 1.0000854434999997
3.482208 1.0001421004999993
3.490525 1.000187971000001
3.498842 1.0004914364999973
3.507158 1.0002012455000018
3.515475 1.0001299260000012
3.523792 1.000360493500002
3.532108 0.9999461614999986
3.540425 1.0001631870000012
3.548742 1.0000168665000004
3.557058 1.0002667074999982
3.565375 1.0002381289999993
3.573692 1.0000257424999837
3.582008 1.000367551500001
3.590325 1.0002295860000008
3.598642 1.000028251999999
3.606958 0.9998463074999985
3.615275 1.0001357634999994
3.623592 1.0001873764999998
3.631908 1.0007332760000007
3.640225 0.999848843999999
3.648542 1.0002209850000015
3.656858 1.0003610539999994
3.665175 1.000168053499999
3.673492 1.0007145560000006
3.681808 1.0000516915000017
3.690125 1.0000361580000003
3.698442 1.0004816584999996
3.706758 1.0004225369999993
3.715075 1.0002831025
3.723392 1.0002204609999978
3.731708 1.0004286770000004
3.740025 1.0002614475000002
3.748342 1.0001887375000011
3.756658 1.0003499919999992
3.764975 1.000321585
3.773292 1.000224525500002
3.781608 1.0001951014999988
3.789925 1.000110780999999
3.798242 1.0001974710000017
3.806558 1.0005699415000002
3.814875 1.0001464475000004
3.823192 1.0004190275000002
3.831508 1.0000791740000023
3.839825 0.9998047409999997
3.848142 1.0000022865000004
3.856458 1.0003844239999997
3.864775 1.0002103699999991
3.873092 1.0000580240000023
3.881408 0.9998440505000027
3.889725 0.9999902809999982
3.898042 1.0002441144999994
3.906358 1.000380920999997
3.914675 1.0001096264999996
3.922992 1.000100465500002
3.931308 1.000250360999999
3.939625 1.0002608855000001
3.947942 1.0000288185000017
3.956258 1.0000599509999994
3.964575 0.9999833729999997
3.972892 1.0002551875000005
3.981208 1.000315473999997
3.989525 1.0002291694999994
3.997842 1.0000005084999988
4.006158 1.0000346070000006
4.014475 1.000151674500001
4.022792 1.0000728305000015
4.031108 0.9998989370000002
4.039425 1.0004303814999993
4.047742 1.000396862500001
4.056058 1.0002616195000003
4.064375 1.0001680864999984
4.072692 1.0001167740000003
4.081008 1.0006573765000004
4.089325 1.0003617535000002
4.097642 1.0001912485000002
4.105958 1.0003304505000044
4.114275 1.0003900394999994
4.122592 0.9999166379999986
4.130908 1.0001543294999988
4.139225 1.0001518320000005
4.147542 1.0003584985000002
4.155858 1.0001230914999988
4.164175 1.0004031079999998
4.172492 1.0000712894999968
4.180808 1.0004352675000008
4.189125 1.0002244564999996
4.197442 1.0002904585000008
4.205758 0.9999216815000002
4.214075 1.0002669775000006
4.222392 1.0001596830000006
4.230708 1.0002438764999995
4.239025 1.0000905805000018
4.247342 1.000237249000001
4.255658 1.0004751069999986
4.263975 1.0001956685000013
4.272292 1.0003830135000007
4.280608 1.0003350349999918
4.288925 1.0001217394999988
4.297242 1.0002051589999987
4.305558 1.0002470415
4.313875 1.0003713099999985
4.322192 1.0001079375
4.330508 1.000395675000001
4.338825 1.0002687979999973
4.347142 1.0002815779999998
4.355458 0.9999272804999985
4.363775 1.0002282690000002
4.372092 1.0002145295000016
4.380408 1.0000081080000003
4.388725 1.0006047605000008
4.397042 1.0000278255000008
4.405358 1.000321924500002
4.413675 1.0002937349999983
4.421992 1.000186216500001
4.430308 1.0000330800000008
4.438625 1.0000792510000005
4.446942 0.9998498084999989
4.455258 0.9999606459999998
4.463575 1.0002072455
4.471892 1.0000670645000034
4.480208 1.0003188859999983
4.488525 1.0002462275000013
4.496842 1.000451752000002
4.505158 1.0000285169999965
4.513475 1.000345575000001
4.521792 1.0000688710000007
4.530108 1.0002575655
4.538425 1.0002586039999992
4.546742 1.0000762865000017
4.555058 1.0002989579999995
4.563375 0.999787878
4.571692 1.0001105050000008
4.580008 1.0002648484999987
4.588325 0.9999472244999993
4.596642 1.0003622150000013
4.604958 1.0002577230000018
4.613275 1.0001897154999995
4.621592 1.0002110725000004
4.629908 1.0001912695000001
4.638225 1.000210602999999
4.646542 1.000159044
4.654858 1.0002173669999999
4.663175 1.0001962730000002
4.671492 1.0004944719999975
4.679808 1.000075602999999
4.688125 1.0002235095000012
4.696442 1.0000970015000008
4.704758 1.0004855764999996
4.713075 1.0001957759999982
4.721392 1.0003292894999982
4.729708 1.000166437
4.738025 1.000581796000001
4.746342 1.000162830499999
4.754658 1.0002357970000013
4.762975 1.000129055999999
4.771292 1.0002619920000022
4.779608 1.0000579945
4.787925 1.0002477094999995
4.796242 1.0000157045000009
4.804558 1.0003274155000021
4.812875 1.0002117115000055
4.821192 1.0001071440000004
4.829508 0.9999933525000012
4.837825 0.99992609
4.846142 1.000162312
4.854458 1.0002306434999995
4.862775 0.9998847685000009
4.871092 0.9999149380000001
4.879408 1.000098223999999
4.887725 1.0001745319999986
4.896042 1.0000437364999981
4.904358 1.0001923615000028
4.912675 1.0002376799999975
4.920992 1.0002147390000005
4.929308 1.0001378975000024
4.937625 1.0004063435000032
4.945942 1.0002161335000008
4.954258 1.000092793000001
4.962575 1.0001536699999989
4.970892 1.0004141220000007
4.979208 1.0001940249999903
4.987525 1.0002544859999987
4.995842 1.00031598
