# r rdf(r)  n_part=9636 rho_ions=4.817712 rho_solvent=0 d0=0.4 d1=0.4 d=0.4 eps=10000 type=01 avg_count=1999 rs=3.682555988600138 ldy=0.10862020869153256 box_l=10 lbj=0.7 volume_fraction=0.32288615736130344
0.014158 0.0
0.022475 0.0
0.030792 0.0
0.039108 0.0
0.047425 0.0
0.055742 0.0
0.064058 0.0
0.072375 0.0
0.080692 0.0
0.089008 0.0
0.097325 0.0
0.105642 0.0
0.113958 0.0
0.122275 0.0
0.130592 0.0
0.138908 0.0
0.147225 0.0
0.155542 0.0
0.163858 0.0
0.172175 0.0
0.180492 0.0
0.188808 0.0
0.197125 0.0
0.205442 0.0
0.213758 0.0
0.222075 0.0
0.230392 0.0
0.238708 0.0
0.247025 0.0
0.255342 0.0
0.263658 0.0
0.271975 0.0
0.280292 0.0
0.288608 0.0
0.296925 0.0
0.305242 0.0
0.313558 0.0
0.321875 0.0
0.330192 0.0
0.338508 0.0
0.346825 0.0
0.355142 0.0
0.363458 0.0
0.371775 0.0
0.380092 0.0
0.388408 0.0
0.396725 0.6768128075000004
0.405042 3.5672912844999978
0.413358 3.263124392499993
0.421675 2.989333045500001
0.429992 2.7528144300000053
0.438308 2.5387852064999934
0.446625 2.3477278590000052
0.454942 2.1753046664999944
0.463258 2.0283554865000006
0.471575 1.8930089564999981
0.479892 1.7686444154999987
0.488208 1.6611213860000018
0.496525 1.5637193984999949
0.504842 1.4779882780000033
0.513158 1.3962869280000014
0.521475 1.3244532609999993
0.529792 1.2619099100000006
0.538108 1.2032864195000004
0.546425 1.1521529685000012
0.554742 1.1032453640000044
0.563058 1.0624049965
0.571375 1.026165880500001
0.579692 0.9916123435000013
0.588008 0.9615136595000043
0.596325 0.9357920434999993
0.604642 0.9128737039999991
0.612958 0.8929959330000008
0.621275 0.8745135250000078
0.629592 0.8595180759999994
0.637908 0.8478278365000013
0.646225 0.838828575500001
0.654542 0.8314079880000015
0.662858 0.8265728344999973
0.671175 0.8227645625000011
0.679492 0.8213383419999996
0.687808 0.8243997914999993
0.696125 0.8263851260000001
0.704442 0.8321931905000022
0.712758 0.8388763015000005
0.721075 0.8471588659999981
0.729392 0.8581738379999988
0.737708 0.8693710460000004
0.746025 0.8823880155000018
0.754342 0.896059556999999
0.762658 0.9131005325000018
0.770975 0.9290652500000007
0.779292 0.9472442959999996
0.787608 0.9668265925000006
0.795925 0.9860934900000019
0.804242 1.0047839390000024
0.812558 1.0198704360000004
0.820875 1.0318851044999997
0.829192 1.040551087
0.837508 1.0462502019999997
0.845825 1.0498273939999971
0.854142 1.051814324000001
0.862458 1.0513000185000023
0.870775 1.0505584055000003
0.879092 1.0473515255000012
0.887408 1.0443003835000004
0.895725 1.040260275999998
0.904042 1.0367058544999996
0.912358 1.0312810385000062
0.920675 1.0272368980000002
0.928992 1.0218695064999976
0.937308 1.0173181874999984
0.945625 1.0116289305
0.953942 1.0067743229999995
0.962258 1.001677960999998
0.970575 0.9965908155000001
0.978892 0.9932650049999991
0.987208 0.9899465595000001
0.995525 0.9855565950000008
1.003842 0.9828250624999996
1.012158 0.980127959
1.020475 0.9781274115000007
1.028792 0.9766059199999978
1.037108 0.975239470499998
1.045425 0.9751762954999987
1.053742 0.9741392504999996
1.062058 0.9745395399999983
1.070375 0.9739263794999983
1.078692 0.9757167534999993
1.087008 0.976679252500002
1.095325 0.9792012265000005
1.103642 0.9797111255000013
1.111958 0.982355202499998
1.120275 0.985176472499999
1.128592 0.9878361885000008
1.136908 0.9903177129999983
1.145225 0.9929142599999978
1.153542 0.9956835940000008
1.161858 0.9983700464999995
1.170175 1.0018003299999991
1.178492 1.0044388814999998
1.186808 1.0068975679999905
1.195125 1.0088916810000013
1.203442 1.0112237990000004
1.211758 1.0130002340000004
1.220075 1.0145313054999978
1.228392 1.0155497025000022
1.236708 1.0168510034999982
1.245025 1.0172028170000005
1.253342 1.0170803910000021
1.261658 1.0161442360000006
1.269975 1.0164323545000016
1.278292 1.0165544504999966
1.286608 1.0152962254999989
1.294925 1.0144549884999936
1.303242 1.013054854999999
1.311558 1.011910583999997
1.319875 1.011055111999999
1.328192 1.009809354499999
1.336508 1.0078833984999995
1.344825 1.007082500000001
1.353142 1.0057115009999833
1.361458 1.0036275655
1.369775 1.0025435839999997
1.378092 1.0015642030000007
1.386408 1.0000870285000023
1.394725 0.9991656955000014
1.403042 0.9981328549999999
1.411358 0.9972743610000004
1.419675 0.9962504119999991
1.427992 0.9948911094999998
1.436308 0.9948071400000004
1.444625 0.9944388925000012
1.452942 0.9936795235000033
1.461258 0.9944316685000004
1.469575 0.9933274959999984
1.477892 0.9938466165000014
1.486208 0.993198948
1.494525 0.9935848724999984
1.502842 0.9936563604999992
1.511158 0.9941961250000005
1.519475 0.9951489265000006
1.527792 0.9954443870000006
1.536108 0.9953916930000025
1.544425 0.9962781559999957
1.552742 0.9964409265000007
1.561058 0.9975463245000015
1.569375 0.9979038639999995
1.577692 0.9979037610000003
1.586008 0.9982712034999986
1.594325 0.9995946394999987
1.602642 0.9995769935
1.610958 1.0006578970000009
1.619275 1.0002374445000002
1.627592 1.000741216999999
1.635908 1.0012486100000004
1.644225 1.001266792499997
1.652542 1.0012071940000002
1.660858 1.0014344935000004
1.669175 1.0022761395000002
1.677492 1.0013206654999982
1.685808 1.0017210374999999
1.694125 1.001756737500001
1.702442 1.0015388290000002
1.710758 1.0017288600000016
1.719075 1.0014052644999978
1.727392 1.001656140000002
1.735708 1.0010857514999973
1.744025 1.001163007999999
1.752342 1.000587021499998
1.760658 1.001008733999999
1.768975 1.0005583175000001
1.777292 1.0000594394999975
1.785608 1.000267718
1.793925 1.0006730135
1.802242 1.000206542499999
1.810558 0.999978802999999
1.818875 0.9997669349999994
1.827192 1.000076310000001
1.835508 0.9997536245000014
1.843825 0.999321134500001
1.852142 0.9994871544999998
1.860458 0.9995390465000021
1.868775 0.9993063510000002
1.877092 0.9994835464999993
1.885408 0.9992319944999978
1.893725 0.9991898814999992
1.902042 0.9993461395000006
1.910358 0.9993042385000015
1.918675 0.9995138455000002
1.926992 0.9998667174999986
1.935308 0.9994279060000005
1.943625 0.9995424490000023
1.951942 0.9994553135000025
1.960258 0.9997926554999997
1.968575 0.9999087404999893
1.976892 0.9998337345
1.985208 0.9999557039999999
1.993525 1.000334112999999
2.001842 1.000684789
2.010158 1.0004844079999984
2.018475 1.0002474630000011
2.026792 0.9996932010000018
2.035108 1.0002234050000007
2.043425 1.0004730475000012
2.051742 1.0004646694999988
2.060058 1.000416164500002
2.068375 1.0009670190000006
2.076692 1.000245138499999
2.085008 1.0008146469999994
2.093325 1.0006668855000014
2.101642 1.0005226085000007
2.109958 1.0004804829999987
2.118275 1.0009460575000007
2.126592 1.0006304419999994
2.134908 1.0005167119999996
2.143225 0.9999928149999999
2.151542 1.0001183305000012
2.159858 1.0002996375000022
2.168175 1.0000246165000022
2.176492 0.9995658829999982
2.184808 0.9998071124999989
2.193125 0.9999932274999965
2.201442 0.9995950769999978
2.209758 0.9998758539999992
2.218075 1.0002138109999994
2.226392 0.9994948330000004
2.234708 0.9997448214999995
2.243025 0.9998438985000009
2.251342 0.9996121525000008
2.259658 0.9994982384999991
2.267975 0.9995082299999984
2.276292 0.998994973
2.284608 0.9996663190000022
2.292925 0.9995837215000011
2.301242 0.9994829139999996
2.309558 0.9996174115000009
2.317875 0.9995544274999991
2.326192 0.9998135835000003
2.334508 0.9998681555000002
2.342825 0.999845522
2.351142 0.9997337149999986
2.359458 0.9999906645000014
2.367775 0.9997470180000005
2.376092 1.0000335709999997
2.384408 0.9996750389999987
2.392725 1.000171916499998
2.401042 0.9999886634999995
2.409358 0.9998202729999998
2.417675 0.9996368574999995
2.425992 0.9996196075000005
2.434308 0.9997948415000002
2.442625 0.999958895999999
2.450942 1.0004903744999993
2.459258 0.9999826810000001
2.467575 0.9998900950000023
2.475892 1.0000423385000017
2.484208 1.000164180499999
2.492525 1.0000786474999963
2.500842 1.0000731009999995
2.509158 1.0001854970000006
2.517475 0.9999532520000008
2.525792 1.0001441975000014
2.534108 1.0001532195
2.542425 1.0003033680000009
2.550742 1.000466224000001
2.559058 0.9999119835000009
2.567375 1.0001631014999999
2.575692 1.0006078150000006
2.584008 1.0003468580000021
2.592325 0.9999394075000009
2.600642 1.000121089
2.608958 1.0003218859999996
2.617275 0.9997868060000006
2.625592 1.0000355825000007
2.633908 1.0000824729999986
2.642225 0.9998731785000008
2.650542 1.0001831984999978
2.658858 0.9999162264999998
2.667175 1.0002081194999999
2.675492 1.0000541345000005
2.683808 1.0002503859999985
2.692125 0.9997167980000012
2.700442 0.999897613999999
2.708758 0.9998111875000042
2.717075 0.9997929299999984
2.725392 1.0001826475
2.733708 0.999828415
2.742025 0.9998592994999985
2.750342 0.9995176625000005
2.758658 0.9999739170000006
2.766975 0.9998187364999966
2.775292 1.0000937534999994
2.783608 0.9998413065000011
2.791925 1.0002260950000015
2.800242 0.9999522520000027
2.808558 1.0000682290000003
2.816875 1.000167272999999
2.825192 1.0001004214999998
2.833508 1.0001694269999999
2.841825 1.0001260575000017
2.850142 1.0000054935000002
2.858458 0.9999750270000001
2.866775 1.0000900985000014
2.875092 1.0000915920000026
2.883408 0.999988708000001
2.891725 1.0000149784999999
2.900042 1.0002538334999989
2.908358 0.9997058665000008
2.916675 0.999692901
2.924992 0.9998819719999985
2.933308 1.0003030614999973
2.941625 0.9999684150000002
2.949942 1.0001007575000007
2.958258 1.0001535024999986
2.966575 1.000339632499999
2.974892 1.0001759629999976
2.983208 1.0000017584999994
2.991525 1.0000596530000005
2.999842 1.0000905640000017
3.008158 0.9998948704999988
3.016475 1.0000118494999986
3.024792 1.0000055289999992
3.033108 0.9998604995000009
3.041425 0.9998774999999998
3.049742 0.9999918330000013
3.058058 0.999684192500001
3.066375 1.0000333509999997
3.074692 0.9999392224999994
3.083008 1.000012312500003
3.091325 0.9999858774999981
3.099642 1.0001704784999972
3.107958 1.0001563735
3.116275 1.0000485055000008
3.124592 0.9999099909999997
3.132908 1.0001053480000008
3.141225 0.9997972119999987
3.149542 0.999815707000002
3.157858 1.0002394824999998
3.166175 0.9999217904999993
3.174492 0.9997705920000033
3.182808 0.9997380720000004
3.191125 0.9999345750000004
3.199442 1.000016443500001
3.207758 0.9996852765000012
3.216075 0.9998452634999979
3.224392 0.9997324250000001
3.232708 0.9998404449999989
3.241025 0.9997643444999995
3.249342 0.9997097534999996
3.257658 1.000297199499998
3.265975 0.9998819009999986
3.274292 0.9998586514999999
3.282608 0.9999657169999984
3.290925 0.9999373465000003
3.299242 0.999896778000001
3.307558 0.9999884055000003
3.315875 1.0000747265
3.324192 1.0000724775000007
3.332508 0.9999579280000006
3.340825 1.0000740645000001
3.349142 1.000023370999999
3.357458 1.0001813984999992
3.365775 0.9998216335
3.374092 1.0002679370000014
3.382408 0.9998549735000014
3.390725 0.9999568699999996
3.399042 1.0002164525000006
3.407358 1.0000448425000026
3.415675 1.000029318500001
3.423992 1.0000797045000023
3.432308 0.9999211345
3.440625 1.0000767250000007
3.448942 1.0002535709999982
3.457258 1.0001561770000005
3.465575 1.0002993805000007
3.473892 0.9998902825000009
3.482208 1.0001068094999985
3.490525 0.9998773835000009
3.498842 1.000108479
3.507158 1.0002545844999986
3.515475 0.9998566750000004
3.523792 1.0000329615000005
3.532108 1.0000813270000015
3.540425 0.9999460635000028
3.548742 0.9996693219999999
3.557058 1.0001637915
3.565375 1.0003436890000068
3.573692 1.0000889054999993
3.582008 0.9998706684999998
3.590325 0.9999356394999994
3.598642 1.0001246464999989
3.606958 1.0001159715000012
3.615275 0.9998182325000017
3.623592 1.0000137820000001
3.631908 0.9999965614999989
3.640225 0.9999969929999976
3.648542 0.9999293484999998
3.656858 0.999687482000001
3.665175 0.9998485840000086
3.673492 0.9998469109999997
3.681808 0.999817105
3.690125 0.9999284014999993
3.698442 1.0000306105000003
3.706758 0.9999941999999978
3.715075 0.9996514105000003
3.723392 1.0000841554999975
3.731708 0.9998152920000007
3.740025 0.9998501049999982
3.748342 0.9998740855000001
3.756658 0.9999703255000001
3.764975 0.9999571910000025
3.773292 1.0001122104999984
3.781608 0.9999457575000006
3.789925 0.9999735739999989
3.798242 1.0000911069999996
3.806558 0.9999628225000005
3.814875 0.9999724660000001
3.823192 0.9999682074999996
3.831508 1.000038636
3.839825 1.0000848164999991
3.848142 1.0000245905000003
3.856458 0.9999537979999994
3.864775 0.9998354835000005
3.873092 1.0000064109999987
3.881408 1.0000342769999995
3.889725 1.0001184239999994
3.898042 0.9998991759999998
3.906358 1.0000492284999987
3.914675 1.0001151535000004
3.922992 0.9998739509999995
3.931308 0.9999476749999994
3.939625 1.0001202370000004
3.947942 1.000182805499999
3.956258 0.9999784154999976
3.964575 1.0001375044999983
3.972892 1.0000230874999994
3.981208 1.0000142534999994
3.989525 1.0001363914999994
3.997842 0.9998972565000006
4.006158 0.9998698079999971
4.014475 1.0001183165
4.022792 1.0000477924999993
4.031108 1.0001483170000005
4.039425 1.0000404510000016
4.047742 1.000057150000001
4.056058 1.0000262109999993
4.064375 0.9998044970000002
4.072692 1.0000612830000057
4.081008 1.0001673625000032
4.089325 1.0000995129999992
4.097642 0.9999782050000008
4.105958 1.0001002110000006
4.114275 0.999739849500001
4.122592 1.0000468364999995
4.130908 0.9997691590000001
4.139225 0.9998736329999973
4.147542 0.999886149500001
4.155858 1.0000144985000023
4.164175 0.9998503645
4.172492 1.0000674570000017
4.180808 0.9999204114999996
4.189125 1.0001248399999978
4.197442 1.000058563000001
4.205758 1.0000620775000044
4.214075 1.0001014070000005
4.222392 0.9999564864999995
4.230708 0.9998183249999999
4.239025 0.9999546855000011
4.247342 0.999885827500001
4.255658 1.0000837355000003
4.263975 0.9998995645000014
4.272292 0.9999749339999991
4.280608 0.9999135289999967
4.288925 0.9999854235000016
4.297242 0.9998848915000002
4.305558 0.9999958904999987
4.313875 1.0001029865000026
4.322192 0.9998869195000001
4.330508 0.9998629639999983
4.338825 0.9998570545000007
4.347142 1.0000859345000002
4.355458 0.9999682499999992
4.363775 0.9998847155000016
4.372092 0.9999103325000012
4.380408 0.9999767174999987
4.388725 0.9998999640000013
4.397042 1.0000902245000018
4.405358 1.0000196930000034
4.413675 0.9998212215000007
4.421992 1.0000499465000008
4.430308 0.9999618785000001
4.438625 0.9999098685000009
4.446942 1.0000290635
4.455258 0.999964636999998
4.463575 0.9999202874999998
4.471892 1.0001981970000002
4.480208 0.9998271914999992
4.488525 0.9999749684999987
4.496842 1.0000368560000004
4.505158 1.0001495555000017
4.513475 0.9999847769999992
4.521792 1.0000433274999998
4.530108 1.0002787494999998
4.538425 0.9999475564999979
4.546742 1.0000525000000002
4.555058 0.9999050055000005
4.563375 1.000146780000001
4.571692 1.0001584319999994
4.580008 0.9999420360000011
4.588325 1.0000032169999993
4.596642 1.0001311670000013
4.604958 1.0000703465000005
4.613275 0.9998938454999998
4.621592 0.999953172000001
4.629908 1.0000343809999988
4.638225 0.9999625980000004
4.646542 0.9998929695000026
4.654858 1.0000196254999996
4.663175 1.000244854999999
4.671492 0.9999175384999999
4.679808 0.9999923015000007
4.688125 0.9999718694999989
4.696442 0.9999683335000011
4.704758 0.9999740229999999
4.713075 0.9999699054999999
4.721392 0.9998608355000012
4.729708 1.0000095024999995
4.738025 0.9999412659999997
4.746342 0.9998796470000013
4.754658 1.0001782475
4.762975 0.9999247319999993
4.771292 0.9998744090000026
4.779608 0.999937364500001
4.787925 0.9999087490000004
4.796242 0.9998029874999987
4.804558 0.9999395969999995
4.812875 0.9999793685000011
4.821192 1.0000302675000015
4.829508 0.999892103999999
4.837825 1.0001611240000012
4.846142 0.9999612470000021
4.854458 1.000101841
4.862775 1.0001347724999996
4.871092 0.9999210800000004
4.879408 1.0000587649999992
4.887725 0.9999048359999994
4.896042 1.0000130194999983
4.904358 1.0001839254999998
4.912675 1.0000401584999998
4.920992 0.9999866485000006
4.929308 0.9999515089999997
4.937625 0.9999568725000013
4.945942 0.9999507460000009
4.954258 0.9998866560000004
4.962575 1.0001794850000003
4.970892 0.999834198999998
4.979208 1.0001476034999992
4.987525 0.9999869964999984
4.995842 1.0000814409999994
