# r rdf(r)  n_part=13932 rho_ions=0.903321 rho_solvent=6.256070328306457 d0=0.4 d1=0.4 d=0.5 eps=10000 type=00 avg_count=999 rs=2.2470274332409432 ldy=0.17801295795622313 box_l=12 lbj=1.39 volume_fraction=0.4699999999999999
0.014992 0.0
0.024975 0.0
0.034958 0.0
0.044942 0.0
0.054925 0.0
0.064908 0.0
0.074892 0.0
0.084875 0.0
0.094858 0.0
0.104842 0.0
0.114825 0.0
0.124808 0.0
0.134792 0.0
0.144775 0.0
0.154758 0.0
0.164742 0.0
0.174725 0.0
0.184708 0.0
0.194692 0.0
0.204675 0.0
0.214658 0.0
0.224642 0.0
0.234625 0.0
0.244608 0.0
0.254592 0.0
0.264575 0.0
0.274558 0.0
0.284542 0.0
0.294525 0.0
0.304508 0.0
0.314492 0.0
0.324475 0.0
0.334458 0.0
0.344442 0.0
0.354425 0.0
0.364408 0.0
0.374392 0.0
0.384375 0.0
0.394358 0.04044177199999978
0.404342 3.9946700889999844
0.414325 3.5343852880000064
0.424308 3.1050713939999914
0.434292 2.7529059269999756
0.444275 2.429474975000008
0.454258 2.1514033870000007
0.464242 1.9434544129999989
0.474225 1.7383492640000062
0.484208 1.569609620000002
0.494192 1.4465291149999966
0.504175 1.3186523139999973
0.514158 1.2111163510000018
0.524142 1.1214853949999979
0.534125 1.0472025849999995
0.544108 0.9743950920000036
0.554092 0.9142502579999977
0.564075 0.8664611540000008
0.574058 0.814686357999997
0.584042 0.7906218169999922
0.594025 0.7650083260000025
0.604008 0.7329523950000008
0.613992 0.7183736859999973
0.623975 0.7030669529999954
0.633958 0.694805951
0.643942 0.6755301980000012
0.653925 0.6804577719999985
0.663908 0.6870699419999995
0.673892 0.6983999770000014
0.683875 0.7054181990000022
0.693858 0.7113235760000014
0.703842 0.7270021560000012
0.713825 0.7419978479999952
0.723808 0.7651153940000008
0.733792 0.7932846470000008
0.743775 0.8238883389999996
0.753758 0.855131967999999
0.763742 0.8856928380000003
0.773725 0.928782118999999
0.783708 0.9577622010000033
0.793692 0.9914821649999982
0.803675 1.0239770860000008
0.813658 1.0477707159999998
0.823642 1.0660144439999966
0.833625 1.0926284759999993
0.843608 1.1135429200000009
0.853592 1.1211530509999987
0.863575 1.137171475
0.873558 1.1616565850000007
0.883542 1.1720277630000038
0.893525 1.1859978129999975
0.903508 1.2036961539999946
0.913492 1.2075580380000008
0.923475 1.2064357319999999
0.933458 1.1909598239999983
0.943442 1.176030541999999
0.953425 1.1467648820000003
0.963408 1.121061699000001
0.973392 1.0974438450000008
0.983375 1.0695891019999972
0.993358 1.0362411930000008
1.003342 1.0168687710000008
1.013325 0.9911802799999968
1.023308 0.9747438870000008
1.033292 0.9588285439999996
1.043275 0.9378636640000009
1.053258 0.9283268360000011
1.063242 0.9153686829999979
1.073225 0.9071003469999992
1.083208 0.8997993900000015
1.093192 0.8959635300000001
1.103175 0.8967942420000016
1.113158 0.8961181439999993
1.123142 0.8929567950000009
1.133125 0.892939041999997
1.143108 0.8973740869999999
1.153092 0.9068142970000007
1.163075 0.9140601699999991
1.173058 0.9220059600000022
1.183042 0.9333048840000018
1.193025 0.9448850210000006
1.203008 0.9505288799999992
1.212992 0.9657164780000007
1.222975 0.9752536809999998
1.232958 0.987668216
1.242942 1.0011412740000007
1.252925 1.0125478880000005
1.262908 1.0191932559999999
1.272892 1.0317761080000003
1.282875 1.0399617490000006
1.292858 1.0491869749999996
1.302842 1.0499842299999875
1.312825 1.048811251
1.322808 1.0605808119999998
1.332792 1.0593864830000008
1.342775 1.0535677849999983
1.352758 1.0580852880000011
1.362742 1.0534335559999999
1.372725 1.0521245690000016
1.382708 1.0498322439999987
1.392692 1.0457125440000017
1.402675 1.0427935459999986
1.412658 1.032403608
1.422642 1.0303733590000015
1.432625 1.0228921399999984
1.442608 1.0182473749999996
1.452592 1.0085399570000009
1.462575 0.9989647940000015
1.472558 0.9975480209999977
1.482542 0.9882502299999999
1.492525 0.9826405230000008
1.502508 0.9798981489999976
1.512492 0.9759014489999995
1.522475 0.9698652689999985
1.532458 0.9742356089999996
1.542442 0.9603004690000001
1.552425 0.9615406779999999
1.562408 0.9548113069999993
1.572392 0.9605926540000007
1.582375 0.9639884850000038
1.592358 0.9600900179999996
1.602342 0.9663210399999985
1.612325 0.9689520569999999
1.622308 0.9704653100000002
1.632292 0.9734401369999987
1.642275 0.9760656240000006
1.652258 0.9827751509999991
1.662242 0.9843323259999998
1.672225 0.9917858700000007
1.682208 1.0005887249999998
1.692192 0.9987530429999988
1.702175 1.006648491
1.712158 1.0065706110000017
1.722142 1.0128044920000003
1.732125 1.013176159000001
1.742108 1.0113220600000004
1.752092 1.0170061909999992
1.762075 1.021582340999999
1.772058 1.0202488709999857
1.782042 1.0232908730000008
1.792025 1.0242047699999992
1.802008 1.0203812979999998
1.811992 1.018836553999999
1.821975 1.0237663080000012
1.831958 1.0200880130000018
1.841942 1.015488828999999
1.851925 1.0141518659999986
1.861908 1.0186425599999998
1.871892 1.0049812020000015
1.881875 1.0048687479999991
1.891858 1.003820877
1.901842 1.0035559299999992
1.911825 0.9998061529999989
1.921808 1.0004569599999988
1.931792 0.9932654459999991
1.941775 0.9932312639999998
1.951758 0.9917677080000007
1.961742 0.9918259400000005
1.971725 0.9908717829999992
1.981708 0.9871902370000012
1.991692 0.9844479370000025
2.001675 0.9855622349999984
2.011658 0.9821639970000006
2.021642 0.9851397460000002
2.031625 0.983671112999999
2.041608 0.9859673649999999
2.051592 0.9851219230000009
2.061575 0.9858729229999997
2.071558 0.9857016379999993
2.081542 0.9885770020000002
2.091525 0.9883632299999998
2.101508 0.9919025080000002
2.111492 0.9940595989999998
2.121475 0.9940962930000008
2.131458 0.9961155440000007
2.141442 0.9980540509999993
2.151425 1.0020718669999997
2.161408 1.001430248000001
2.171392 1.0009307960000007
2.181375 1.0027212460000006
2.191358 1.0004704290000008
2.201342 1.0059041570000002
2.211325 1.0064890610000008
2.221308 1.0082081520000001
2.231292 1.0062752260000007
2.241275 1.008079329000002
2.251258 1.005955256999999
2.261242 1.0107871819999994
2.271225 1.0046600349999997
2.281208 1.007254865
2.291192 1.0066074870000001
2.301175 1.005845794
2.311158 1.0042972679999995
2.321142 1.0026309949999996
2.331125 1.0013852139999992
2.341108 1.0016618769999988
2.351092 1.00200211
2.361075 1.0001314930000011
2.371058 0.9994198790000002
2.381042 0.9953307509999993
2.391025 0.9977236680000008
2.401008 0.9963845730000004
2.410992 0.9956602740000015
2.420975 0.9954099250000001
2.430958 0.9968644499999996
2.440942 0.994187405000001
2.450925 0.9941328099999995
2.460908 0.9930208739999999
2.470892 0.9935008899999993
2.480875 0.993525638999999
2.490858 0.9933594459999987
2.500842 0.9945841579999994
2.510825 0.9942955279999995
2.520808 0.9942331089999976
2.530792 0.9967599809999994
2.540775 0.9975447590000001
2.550758 0.9966349950000004
2.560742 0.9984382519999995
2.570725 0.9981481990000013
2.580708 0.9997843769999998
2.590692 1.0018749349999991
2.600675 1.0001136000000013
2.610658 1.0007368269999992
2.620642 1.003156514
2.630625 1.0001145400000002
2.640608 1.0040968209999999
2.650592 1.0034179529999996
2.660575 1.0020849100000002
2.670558 1.0037447949999996
2.680542 1.0018932509999996
2.690525 1.0035545399999997
2.700508 1.0048040370000002
2.710492 1.003150035999999
2.720475 1.000432462999999
2.730458 1.0020188249999995
2.740442 1.0018850519999982
2.750425 1.0019900039999992
2.760408 1.0031539370000002
2.770392 0.9994450549999994
2.780375 0.9991438449999938
2.790358 1.0022516820000005
2.800342 0.9984693599999988
2.810325 0.9999563939999999
2.820308 0.9996352359999986
2.830292 0.999807740999999
2.840275 0.9979254260000013
2.850258 0.9979539899999993
2.860242 0.9992535440000005
2.870225 0.9968801899999991
2.880208 0.9982207639999982
2.890192 0.9959018179999997
2.900175 0.9960765849999992
2.910158 0.9969187819999997
2.920142 0.9972472689999988
2.930125 0.9973860850000011
2.940108 0.9972487420000002
2.950092 0.9943711890000024
2.960075 0.9981871630000009
2.970058 0.9951339100000006
2.980042 0.9978784769999987
2.990025 0.9960748560000001
3.000008 0.997655525000002
3.009992 1.0003732680000001
3.019975 0.9994325409999991
3.029958 0.9977603600000006
3.039942 0.9991807469999995
3.049925 0.9995104260000002
3.059908 0.9983344870000015
3.069892 0.9986411260000002
3.079875 0.9981297520000002
3.089858 0.9996765090000009
3.099842 0.9999677169999989
3.109825 1.0001211279999993
3.119808 1.0011261350000003
3.129792 1.0022908049999995
3.139775 1.001173607
3.149758 1.0005475790000002
3.159742 0.9985282180000002
3.169725 1.0021272889999964
3.179708 1.0010326759999997
3.189692 1.0016922509999997
3.199675 0.9980026279999994
3.209658 0.9986944829999986
3.219642 1.0011472540000002
3.229625 0.9985952609999993
3.239608 0.9986005389999999
3.249592 1.0011055170000014
3.259575 1.000545782999999
3.269558 1.0002271319999991
3.279542 1.0006879420000008
3.289525 0.9992764079999995
3.299508 1.001396578000001
3.309492 0.9984926760000002
3.319475 0.9997387489999987
3.329458 1.0005520139999993
3.339442 0.9980813100000016
3.349425 0.9985294300000002
3.359408 0.9993846359999992
3.369392 0.9981056660000005
3.379375 0.9982993230000133
3.389358 0.998934208
3.399342 0.9989962339999997
3.409325 0.9979105170000001
3.419308 0.9988396679999996
3.429292 1.0006241979999988
3.439275 0.9999831320000008
3.449258 0.9990275079999988
3.459242 0.9999617199999917
3.469225 0.9990272730000009
3.479208 1.0012393149999992
3.489192 0.9990238849999992
3.499175 0.9999586330000013
3.509158 1.0000224410000014
3.519142 1.001308961999998
3.529125 1.0018809120000012
3.539108 1.0001762270000014
3.549092 1.0008530050000009
3.559075 1.0002293979999994
3.569058 1.0010428289999993
3.579042 1.0000724569999992
3.589025 1.000484116000001
3.599008 0.9999998220000006
3.608992 1.0001300300000007
3.618975 0.9987614109999984
3.628958 1.0003941720000002
3.638942 0.9996025960000009
3.648925 1.0005431450000002
3.658908 0.99899311
3.668892 1.0028131260000022
3.678875 0.9999481179999995
3.688858 0.9997455220000011
3.698842 1.0006393889999992
3.708825 1.0007845700000002
3.718808 0.9986150359999996
3.728792 0.999829646000002
3.738775 1.0002261680000004
3.748758 0.9994266340000002
3.758742 0.9976149719999992
3.768725 0.9981954510000005
3.778708 0.9988296169999995
3.788692 0.9989538000000001
3.798675 0.997462039999999
3.808658 0.9988545529999984
3.818642 0.9995454720000015
3.828625 1.0003151599999998
3.838608 0.9974918289999999
3.848592 0.9977301740000002
3.858575 0.999009598
3.868558 0.9991188850000001
3.878542 1.0000274289999997
3.888525 0.9985815550000002
3.898508 0.9994663250000001
3.908492 0.9990234910000002
3.918475 0.9988565799999998
3.928458 0.9990522839999997
3.938442 0.9995482500000001
3.948425 1.0007694639999993
3.958408 0.9996358449999986
3.968392 0.9988342819999992
3.978375 0.9997056660000004
3.988358 1.0006276580000004
3.998342 0.9995395390000007
4.008325 1.0004452760000009
4.018308 1.000238142000001
4.028292 1.0006635449999992
4.038275 1.0005258439999996
4.048258 0.9992577249999994
4.058242 0.9997944209999999
4.068225 1.0008223429999998
4.078208 1.0003114149999988
4.088192 0.9997996460000005
4.098175 1.0002293459999987
4.108158 1.0005579880000002
4.118142 1.000213934000001
4.128125 0.9994506109999991
4.138108 0.9997380320000006
4.148092 1.0004397579999986
4.158075 0.9997943389999985
4.168058 0.9991012879999995
4.178042 0.999983433000001
4.188025 1.0003362679999992
4.198008 1.0003201229999998
4.207992 0.9987717079999997
4.217975 1.000848511000001
4.227958 1.0006353509999997
4.237942 1.0006920839999989
4.247925 1.0011648240000002
4.257908 1.0012433349999972
4.267892 1.000770491000002
4.277875 1.0014990350000006
4.287858 1.0007356910000003
4.297842 1.0012529070000011
4.307825 1.001227362
4.317808 1.0015989769999987
4.327792 1.0007238320000018
4.337775 1.0007870100000005
4.347758 1.0010928239999999
4.357742 1.001987599
4.367725 1.0005343730000007
4.377708 1.0017876679999993
4.387692 1.0011728450000001
4.397675 1.001976454000002
4.407658 1.0002207920000012
4.417642 1.0019284359999998
4.427625 1.0006595189999983
4.437608 1.000810725000001
4.447592 1.0018712939999987
4.457575 1.0007607979999997
4.467558 1.002097049000001
4.477542 1.0013496290000012
4.487525 1.0009758630000005
4.497508 1.0002499140000018
4.507492 1.0002527520000002
4.517475 1.0013871719999998
4.527458 1.0012694900000003
4.537442 1.001698112
4.547425 1.000322799000001
4.557408 1.001118218
4.567392 1.0014784920000006
4.577375 1.0014222329999989
4.587358 1.0014322750000002
4.597342 1.000279808999999
4.607325 1.0006648959999989
4.617308 0.9999453180000005
4.627292 1.0008609199999987
4.637275 1.0007089320000004
4.647258 0.9998679880000004
4.657242 1.0005542920000012
4.667225 1.0006782249999973
4.677208 1.000887616999998
4.687192 1.0010114890000021
4.697175 0.9998003929999999
4.707158 1.0002875950000005
4.717142 1.0007999110000005
4.727125 0.9999371509999998
4.737108 1.0009989910000001
4.747092 1.0012018359999997
4.757075 0.9987654699999987
4.767058 0.9992086800000004
4.777042 0.9991670379999987
4.787025 0.9999957530000008
4.797008 1.0004485699999996
4.806992 0.9993224230000001
4.816975 1.0007658430000002
4.826958 0.9996756789999993
4.836942 1.0010471309999998
4.846925 0.999837551000001
4.856908 0.9993339129999993
4.866892 0.9992070879999997
4.876875 0.9994895829999999
4.886858 0.9991247719999998
4.896842 0.9998939710000005
4.906825 0.9993758090000002
4.916808 0.9997483269999986
4.926792 0.9990307019999997
4.936775 0.9981273540000005
4.946758 0.998208781
4.956742 0.9984812949999997
4.966725 0.9996528749999998
4.976708 1.0004206679999987
4.986692 0.9985239160000002
4.996675 0.9997127329999996
5.006658 0.9991745739999985
5.016642 0.999251325999999
5.026625 0.999031701999999
5.036608 0.9981356900000004
5.046592 1.0004282149999992
5.056575 1.000036717
5.066558 0.9990125469999999
5.076542 0.9984689180000005
5.086525 0.9991470160000001
5.096508 1.0002611559999999
5.106492 0.9994188600000012
5.116475 1.0001303639999986
5.126458 0.9997242199999999
5.136442 0.9992527530000004
5.146425 0.9993762640000017
5.156408 0.9996648849999998
5.166392 0.9981849810000003
5.176375 0.9992789239999994
5.186358 0.9986453060000011
5.196342 0.9989904139999983
5.206325 0.9984102680000008
5.216308 0.998998821000001
5.226292 0.999411602999999
5.236275 0.9995230830000004
5.246258 0.9990654229999983
5.256242 0.9992391349999994
5.266225 0.999523026000001
5.276208 0.9992246400000001
5.286192 0.9995120379999991
5.296175 0.9990617859999993
5.306158 0.9990426030000007
5.316142 0.9985213359999991
5.326125 0.9987275480000003
5.336108 0.9985914980000015
5.346092 0.9987653580000004
5.356075 0.9989191440000011
5.366058 0.9983934469999993
5.376042 0.9992206359999996
5.386025 0.9992194189999999
5.396008 1.0000568190000003
5.405992 0.9983430349999993
5.415975 0.9992911679999987
5.425958 0.9994067469999992
5.435942 1.0003228810000027
5.445925 0.9990525879999995
5.455908 0.9993525259999992
5.465892 0.9990638870000002
5.475875 0.9992038199999986
5.485858 0.9987463540000009
5.495842 0.999000589
5.505825 0.9993124739999997
5.515808 0.9996173850000003
5.525792 0.9999032519999996
5.535775 0.9981564489999993
5.545758 0.999061159
5.555742 0.998726563
5.565725 0.9988028310000007
5.575708 0.999778917
5.585692 0.9993526159999997
5.595675 0.999241268
5.605658 0.9992441589999986
5.615642 0.9986490209999996
5.625625 0.9992599049999988
5.635608 0.9999656349999995
5.645592 1.0002753809999996
5.655575 0.9994742700000004
5.665558 0.9997027909999997
5.675542 0.9987972180000003
5.685525 0.9985990909999999
5.695508 0.999979871999999
5.705492 0.998994253
5.715475 0.9999185730000008
5.725458 0.999477605000001
5.735442 0.9988070239999994
5.745425 0.9992848359999996
5.755408 0.9998991339999992
5.765392 1.0002359940000005
5.775375 0.999542413
5.785358 0.9998946940000005
5.795342 0.9994386939999985
5.805325 0.9994018699999999
5.815308 0.9992572590000008
5.825292 0.9995592399999998
5.835275 0.9997187360000003
5.845258 0.9997229889999989
5.855242 0.9994204599999998
5.865225 0.9992187560000007
5.875208 0.9998477350000006
5.885192 1.000393855999999
5.895175 0.9996610209999995
5.905158 0.999727450000001
5.915142 0.9991624249999997
5.925125 0.9995380510000001
5.935108 1.000138978
5.945092 0.9995046779999996
5.955075 1.0000453439999988
5.965058 0.9995962500000002
5.975042 0.9998858949999992
5.985025 0.9995257069999992
5.995008 0.9997562970000005
