# r rdf(r)  n_part=7226 rho_ions=3.613284 rho_solvent=0 d0=0.4 d1=0.4 d=0.4 eps=10000 type=00 avg_count=1999 rs=3.675974113833032 ldy=0.10881469444922445 box_l=10 lbj=0.93 volume_fraction=0.24216461802097755
0.014158 0.0
0.022475 0.0
0.030792 0.0
0.039108 0.0
0.047425 0.0
0.055742 0.0
0.064058 0.0
0.072375 0.0
0.080692 0.0
0.089008 0.0
0.097325 0.0
0.105642 0.0
0.113958 0.0
0.122275 0.0
0.130592 0.0
0.138908 0.0
0.147225 0.0
0.155542 0.0
0.163858 0.0
0.172175 0.0
0.180492 0.0
0.188808 0.0
0.197125 0.0
0.205442 0.0
0.213758 0.0
0.222075 0.0
0.230392 0.0
0.238708 0.0
0.247025 0.0
0.255342 0.0
0.263658 0.0
0.271975 0.0
0.280292 0.0
0.288608 0.0
0.296925 0.0
0.305242 0.0
0.313558 0.0
0.321875 0.0
0.330192 0.0
0.338508 0.0
0.346825 0.0
0.355142 0.0
0.363458 0.0
0.371775 0.0
0.380092 0.0
0.388408 0.0
0.396725 0.19239823050000007
0.405042 1.0813639299999893
0.413358 1.0775566650000012
0.421675 1.0753701024999938
0.429992 1.0670843544999953
0.438308 1.0641314620000042
0.446625 1.0589178074999954
0.454942 1.052336315500001
0.463258 1.0449052115000004
0.471575 1.0315958245000012
0.479892 1.0264116119999989
0.488208 1.019822201000002
0.496525 1.0107721029999877
0.504842 1.0029623629999995
0.513158 0.9920221519999869
0.521475 0.9860713569999993
0.529792 0.9799945555000027
0.538108 0.9724444914999935
0.546425 0.968435074499998
0.554742 0.957873027
0.563058 0.9534998600000011
0.571375 0.9452320750000034
0.579692 0.9423839784999979
0.588008 0.9368705674999971
0.596325 0.9328897885000015
0.604642 0.9283549774999995
0.612958 0.9248996054999931
0.621275 0.922949913499992
0.629592 0.9206558444999939
0.637908 0.9177722849999985
0.646225 0.9189133480000027
0.654542 0.9186085800000018
0.662858 0.9183651145000044
0.671175 0.9212858600000037
0.679492 0.9247388640000027
0.687808 0.9254101359999996
0.696125 0.9288114859999986
0.704442 0.9353589750000054
0.712758 0.940065283000003
0.721075 0.9458016459999986
0.729392 0.9525465910000026
0.737708 0.9607898100000009
0.746025 0.9686323300000004
0.754342 0.9803075505000008
0.762658 0.987014796499998
0.770975 0.9963070584999999
0.779292 1.0093704830000005
0.787608 1.0206549219999974
0.795925 1.0316386390000005
0.804242 1.0435980420000037
0.812558 1.0546098644999986
0.820875 1.0631093274999974
0.829192 1.0669048519999986
0.837508 1.069745920499999
0.845825 1.072308461499999
0.854142 1.0728231670000008
0.862458 1.0749984499999974
0.870775 1.0709542415000017
0.879092 1.0685426110000003
0.887408 1.0685662200000012
0.895725 1.0639378579999987
0.904042 1.061097750499997
0.912358 1.056771077999998
0.920675 1.0517426575000028
0.928992 1.0505360974999982
0.937308 1.0450613369999986
0.945625 1.0415295074999977
0.953942 1.0378503570000008
0.962258 1.0325371260000014
0.970575 1.0266239130000019
0.978892 1.0236380100000018
0.987208 1.020548633500002
0.995525 1.0169856569999973
1.003842 1.014217272500001
1.012158 1.0094103894999993
1.020475 1.007577743000002
1.028792 1.0043836924999998
1.037108 1.0005908880000005
1.045425 0.9984515169999967
1.053742 0.9959417889999959
1.062058 0.9945631749999997
1.070375 0.992320452499996
1.078692 0.9913289680000009
1.087008 0.9900970450000007
1.095325 0.9887911384999983
1.103642 0.9894189164999971
1.111958 0.9861014999999996
1.120275 0.9871688155000001
1.128592 0.9874023099999992
1.136908 0.9864949189999995
1.145225 0.9865746244999993
1.153542 0.9873479024999992
1.161858 0.9872522874999996
1.170175 0.9882295799999983
1.178492 0.9887658815000002
1.186808 0.989279148000001
1.195125 0.991351287000001
1.203442 0.9902130020000021
1.211758 0.9910088840000013
1.220075 0.9919919050000005
1.228392 0.9915403724999988
1.236708 0.9938434429999988
1.245025 0.992417440499998
1.253342 0.994595987499998
1.261658 0.9952424445000002
1.269975 0.9956804759999992
1.278292 0.9966820400000009
1.286608 0.9972193665000002
1.294925 0.9984468859999994
1.303242 0.9988803184999996
1.311558 0.9978913910000002
1.319875 0.9987107564999983
1.328192 0.9999958975000013
1.336508 0.9996665370000005
1.344825 1.0004858825000018
1.353142 0.9999786764999973
1.361458 1.0007402230000004
1.369775 1.000319720500009
1.378092 1.0002614990000005
1.386408 1.0014128800000022
1.394725 0.999621882999997
1.403042 1.0000730055000022
1.411358 0.9995257504999981
1.419675 1.000147466999999
1.427992 1.000350794000002
1.436308 0.9997509384999986
1.444625 0.9990201495000001
1.452942 0.9996256619999989
1.461258 0.9998385115000002
1.469575 1.000731536999998
1.477892 1.0002473219999972
1.486208 1.0009258809999975
1.494525 1.000722867499998
1.502842 1.0003873835000017
1.511158 1.0001816425000003
1.519475 1.0005988044999994
1.527792 0.9997125059999985
1.536108 1.0001215709999987
1.544425 1.0000673209999937
1.552742 1.000401779
1.561058 1.000304942
1.569375 1.0005011814999987
1.577692 1.0002747040000002
1.586008 1.0007202694999968
1.594325 1.0004179079999989
1.602642 1.0000165379999983
1.610958 1.0008067274999999
1.619275 1.0006887849999995
1.627592 1.0009081995000002
1.635908 1.0006928145000022
1.644225 1.0016751120000051
1.652542 1.0008319280000002
1.660858 1.0011900119999995
1.669175 1.0008052130000102
1.677492 1.0011597284999987
1.685808 1.001522750999999
1.694125 1.0010159974999988
1.702442 1.0017106580000001
1.710758 1.0008960115000007
1.719075 1.0008972089999975
1.727392 1.0016913894999995
1.735708 1.0006431809999985
1.744025 1.0011138095000003
1.752342 1.0019341934999997
1.760658 1.0018689940000018
1.768975 1.0005669430000013
1.777292 1.0014515924999992
1.785608 1.0024902650000018
1.793925 1.0009678150000008
1.802242 1.0003363050000011
1.810558 1.0003628510000004
1.818875 1.0007967664999997
1.827192 1.0003840860000013
1.835508 0.9999928695000017
1.843825 1.0009055940000005
1.852142 0.9998014469999965
1.860458 1.0006274869999974
1.868775 1.0008977369999992
1.877092 0.9999583770000028
1.885408 1.0006126480000075
1.893725 0.9999707585000005
1.902042 1.0001493455000128
1.910358 1.0000056919999976
1.918675 0.9999141515000002
1.926992 1.000940843499998
1.935308 0.9994145190000008
1.943625 1.0004927535000003
1.951942 1.0004510404999998
1.960258 0.9997559889999982
1.968575 1.000218656499985
1.976892 0.999746840999998
1.985208 1.0013850749999964
1.993525 0.9994857669999989
2.001842 0.9991010219999998
2.010158 0.9997250835000008
2.018475 1.0002210829999978
2.026792 0.9990917629999986
2.035108 1.0004919114999982
2.043425 0.9994852174999999
2.051742 1.0001932000000027
2.060058 0.9993879604999998
2.068375 0.9999297590000006
2.076692 1.0006552115000003
2.085008 1.0001604445000003
2.093325 0.9994651984999997
2.101642 1.0006752160000008
2.109958 1.0005513804999993
2.118275 0.999541561
2.126592 1.000551455
2.134908 1.001064878999999
2.143225 1.000003231499999
2.151542 1.0004851775000005
2.159858 1.0005316004999991
2.168175 1.0009593385000009
2.176492 0.9999515004999985
2.184808 1.000686282000001
2.193125 1.0003556995000018
2.201442 0.9998612919999997
2.209758 1.0012430365000007
2.218075 1.0003794185000012
2.226392 1.0002921314999977
2.234708 1.000163274500001
2.243025 0.9999486340000001
2.251342 1.0000949445000014
2.259658 1.0003579230000013
2.267975 1.000613231
2.276292 1.000619922
2.284608 1.000211551000001
2.292925 1.0004669830000015
2.301242 1.0000615159999977
2.309558 1.0006202840000018
2.317875 1.0004413685000015
2.326192 1.0005902849999992
2.334508 0.9997676619999989
2.342825 0.999968524499999
2.351142 1.0004016574999997
2.359458 1.0008758865000023
2.367775 1.0002668969999977
2.376092 0.9997495710000013
2.384408 0.9998435379999969
2.392725 1.0007411580000007
2.401042 1.0000191825000013
2.409358 0.9998128185000003
2.417675 1.000575948500001
2.425992 1.0002079525000016
2.434308 0.9997885929999983
2.442625 0.9999176464999994
2.450942 1.000039246500001
2.459258 0.9998518184999933
2.467575 0.999633824500001
2.475892 1.000551851499999
2.484208 1.0001174720000028
2.492525 1.0007405835
2.500842 1.0001589654999996
2.509158 1.0007916819999978
2.517475 1.0004758825000024
2.525792 1.0002129784999998
2.534108 0.9999621225000012
2.542425 1.0001037514999986
2.550742 1.0002870589999995
2.559058 1.0008819544999998
2.567375 1.0000395670000013
2.575692 1.000642847000001
2.584008 0.999984129500004
2.592325 1.0006564554999988
2.600642 1.000341108499988
2.608958 1.0004171444999996
2.617275 1.000608266
2.625592 1.000596615000005
2.633908 1.0007280570000001
2.642225 1.0004755345
2.650542 1.0006877259999993
2.658858 1.0002601734999998
2.667175 1.0002268644999999
2.675492 1.0004860724999982
2.683808 1.0004243249999971
2.692125 0.9998263085000013
2.700442 1.0005583724999993
2.708758 1.000654273499994
2.717075 1.0002724950000006
2.725392 1.0008222179999993
2.733708 1.0010737769999987
2.742025 1.0008459425000007
2.750342 1.00018758
2.758658 1.0005228114999998
2.766975 1.0002373785000007
2.775292 1.0000795889999983
2.783608 1.0002810625000007
2.791925 1.0001769515000012
2.800242 1.000075559499999
2.808558 1.0003390914999983
2.816875 1.0001767034999995
2.825192 1.0002381710000008
2.833508 1.0007158439999997
2.841825 0.999784190999999
2.850142 1.0002034084999993
2.858458 1.000004172000001
2.866775 1.0002540569999996
2.875092 1.0002669324999984
2.883408 1.0003205869999998
2.891725 0.9999193719999991
2.900042 1.0006084325000006
2.908358 1.0002292645000004
2.916675 1.0004971434999999
2.924992 1.0004170679999969
2.933308 1.0001406524999992
2.941625 1.0008356899999995
2.949942 1.0004582009999996
2.958258 1.0003849019999995
2.966575 1.0008478375000014
2.974892 1.0006717279999984
2.983208 1.0008322514999974
2.991525 1.0001690149999996
2.999842 1.000299378999995
3.008158 0.9999236915000013
3.016475 1.0002558035000026
3.024792 1.0003388199999967
3.033108 1.0000227819999994
3.041425 1.0001180895000004
3.049742 0.999442635500004
3.058058 1.0002630619999984
3.066375 0.9997719545000008
3.074692 0.9998807170000004
3.083008 1.000471235499999
3.091325 1.0001381029999998
3.099642 1.0000424535
3.107958 0.9999087095000008
3.116275 0.9998617219999992
3.124592 0.9997509824999986
3.132908 0.9996991429999986
3.141225 1.0002913225000014
3.149542 1.0001729585000023
3.157858 1.0004976990000003
3.166175 1.0002815325000025
3.174492 1.000500091
3.182808 0.9999331575
3.191125 1.0003115360000017
3.199442 1.000648285000002
3.207758 0.9999010720000023
3.216075 1.000475143999999
3.224392 1.000462142499999
3.232708 1.0005037439999975
3.241025 1.0000629440000004
3.249342 1.000147732500001
3.257658 1.0005101034999988
3.265975 1.0002179715000041
3.274292 0.9999028680000026
3.282608 1.0001434655000008
3.290925 1.0003263315
3.299242 1.0005938844999973
3.307558 0.9999649969999992
3.315875 1.0004350145000007
3.324192 1.0004043334999986
3.332508 1.0002367260000002
3.340825 1.000191661
3.349142 1.0005172394999993
3.357458 1.000139608
3.365775 1.0003232780000013
3.374092 1.000544730999999
3.382408 1.0009666114999982
3.390725 1.0002433419999972
3.399042 1.0005870255000007
3.407358 1.0002954009999983
3.415675 1.000598705500001
3.423992 1.0009595624999996
3.432308 1.0004163630000011
3.440625 1.0006790739999996
3.448942 1.000365272000001
3.457258 1.0004839860000005
3.465575 1.0000838035000001
3.473892 1.0000464259999997
3.482208 0.9997373659999989
3.490525 0.9998761825000012
3.498842 1.0001724970000003
3.507158 1.0004392510000006
3.515475 1.000438513000001
3.523792 1.0002080205000003
3.532108 0.9999309654999992
3.540425 1.0001173089999975
3.548742 1.0002811325000014
3.557058 1.000033162000001
3.565375 1.000218385500002
3.573692 1.0003110269999993
3.582008 1.0001563665000006
3.590325 1.0005467879999999
3.598642 1.0004702779999992
3.606958 1.0001823685000018
3.615275 1.0007791810000026
3.623592 1.0005877269999965
3.631908 1.0000373334999986
3.640225 1.0001696334999999
3.648542 1.000268221500001
3.656858 0.9995162615000016
3.665175 0.9999519769999989
3.673492 1.0003458619999988
3.681808 1.0004091024999986
3.690125 1.0000670394999986
3.698442 0.9998139094999956
3.706758 1.0000746930000013
3.715075 1.0000756269999989
3.723392 0.9998328665000008
3.731708 1.000341783000001
3.740025 1.0002767844999985
3.748342 1.000469843
3.756658 1.0005679074999998
3.764975 1.0000528624999987
3.773292 1.0001592239999997
3.781608 1.0005547324999997
3.789925 0.9997726500000005
3.798242 1.0005699160000001
3.806558 1.0005045855000008
3.814875 1.0007686515000005
3.823192 1.0000381805000005
3.831508 1.000377408000002
3.839825 1.0004260955000002
3.848142 1.0005848265000001
3.856458 1.0001954635000014
3.864775 1.0008325345000018
3.873092 1.0005353480000005
3.881408 1.000391023500001
3.889725 1.0002251124999983
3.898042 1.0002583214999987
3.906358 1.0003935979999996
3.914675 1.0004627884999957
3.922992 1.0003791829999997
3.931308 1.000643576999999
3.939625 1.0003727224999999
3.947942 1.000358260499997
3.956258 1.0005256095000006
3.964575 1.0003070029999996
3.972892 1.0000607310000005
3.981208 1.000356515000001
3.989525 1.0007198654999987
3.997842 1.000357631000001
4.006158 1.0002942944999997
4.014475 1.0005051780000005
4.022792 1.0001073364999993
4.031108 1.0001864934999987
4.039425 0.9999830664999995
4.047742 1.0001853044999984
4.056058 1.0002138469999986
4.064375 1.0004479510000013
4.072692 0.9999954099999988
4.081008 1.0000882155000108
4.089325 1.0004068474999983
4.097642 1.0004193545
4.105958 1.000190218500001
4.114275 1.0007421750000003
4.122592 1.0003125735000002
4.130908 1.0002059840000028
4.139225 0.9999390359999992
4.147542 1.0004976460000006
4.155858 1.000600361
4.164175 1.0002136254999994
4.172492 1.0002771004999993
4.180808 1.0003878359999991
4.189125 1.000583924000002
4.197442 0.9999240674999991
4.205758 1.0004860575000012
4.214075 1.0001233224999992
4.222392 1.0000728799999994
4.230708 1.0007401755000007
4.239025 1.000451225
4.247342 1.0001693529999998
4.255658 1.0005146039999981
4.263975 1.0000521944999994
4.272292 0.9998061114999997
4.280608 1.0003481564999992
4.288925 0.9999401549999996
4.297242 0.9996367529999983
4.305558 1.000040966500001
4.313875 1.0001053615000075
4.322192 1.0002161045000006
4.330508 0.9997183245000003
4.338825 1.0001772885000002
4.347142 1.0002019925000005
4.355458 1.0001693769999995
4.363775 1.000034149
4.372092 1.0000076789999985
4.380408 1.0002671479999996
4.388725 1.0003729645000004
4.397042 1.0002270324999991
4.405358 1.0001890780000005
4.413675 1.000350003999999
4.421992 1.000407032500003
4.430308 1.0005750680000018
4.438625 1.000287605999996
4.446942 1.000429306500001
4.455258 1.000193520499999
4.463575 1.0006394079999996
4.471892 1.0005840974999995
4.480208 1.000525771999998
4.488525 1.0001857200000015
4.496842 1.0001271054999987
4.505158 1.0003668759999997
4.513475 0.9998769039999997
4.521792 1.0005856499999992
4.530108 1.0002315195000029
4.538425 1.0006472700000042
4.546742 1.0002224929999999
4.555058 1.000454505
4.563375 0.9999500749999992
4.571692 1.0002194284999983
4.580008 1.0005712969999994
4.588325 1.000180083
4.596642 1.0003152455000013
4.604958 1.0000992930000006
4.613275 1.0005247200000014
4.621592 1.0004060589999997
4.629908 1.0005000894999982
4.638225 1.0004913334999963
4.646542 0.9999662264999997
4.654858 1.0003570189999988
4.663175 1.000481387999999
4.671492 1.0002081624999979
4.679808 0.9999083670000006
4.688125 1.0001467500000003
4.696442 0.9998887230000015
4.704758 1.0000250800000015
4.713075 1.0000909634999995
4.721392 1.0004177834999999
4.729708 1.0004577725
4.738025 1.000245381500001
4.746342 1.0002793060000006
4.754658 1.0003544394999988
4.762975 1.0003226894999995
4.771292 1.0005780000000006
4.779608 1.0002573274999966
4.787925 0.9999487094999996
4.796242 1.0003696635000028
4.804558 1.000373119
4.812875 1.000219417999999
4.821192 0.9999536540000022
4.829508 0.9999657264999989
4.837825 1.000200587499999
4.846142 1.0004657379999997
4.854458 1.0002386295000008
4.862775 1.00016061
4.871092 1.000147400000003
4.879408 1.0002755814999982
4.887725 0.9999862180000015
4.896042 1.0001856944999996
4.904358 0.9999639650000005
4.912675 1.0002037914999997
4.920992 1.0003993034999996
4.929308 1.0004188959999991
4.937625 1.0002713699999992
4.945942 1.0002409534999988
4.954258 1.0000260190000032
4.962575 1.0002317314999989
4.970892 1.000112428999998
4.979208 1.000248834499999
4.987525 1.000062809500003
4.995842 0.9999489985000005
