# r rdf(r)  n_part=3614 rho_ions=1.806642 rho_solvent=0 d0=0.4 d1=0.4 d=0.4 eps=10000 type=00 avg_count=999 rs=3.1777766711137465 ldy=0.12587416970992116 box_l=10 lbj=1.39 volume_fraction=0.12108230901048878
0.014158 0.0
0.022475 0.0
0.030792 0.0
0.039108 0.0
0.047425 0.0
0.055742 0.0
0.064058 0.0
0.072375 0.0
0.080692 0.0
0.089008 0.0
0.097325 0.0
0.105642 0.0
0.113958 0.0
0.122275 0.0
0.130592 0.0
0.138908 0.0
0.147225 0.0
0.155542 0.0
0.163858 0.0
0.172175 0.0
0.180492 0.0
0.188808 0.0
0.197125 0.0
0.205442 0.0
0.213758 0.0
0.222075 0.0
0.230392 0.0
0.238708 0.0
0.247025 0.0
0.255342 0.0
0.263658 0.0
0.271975 0.0
0.280292 0.0
0.288608 0.0
0.296925 0.0
0.305242 0.0
0.313558 0.0
0.321875 0.0
0.330192 0.0
0.338508 0.0
0.346825 0.0
0.355142 0.0
0.363458 0.0
0.371775 0.0
0.380092 0.0
0.388408 0.0
0.396725 0.08349143199999985
0.405042 0.47758617899999845
0.413358 0.49768528700000064
0.421675 0.5164364920000021
0.429992 0.5389605940000006
0.438308 0.5579238379999992
0.446625 0.5707046059999993
0.454942 0.5955307050000013
0.463258 0.6111180969999983
0.471575 0.625429778
0.479892 0.6379834399999993
0.488208 0.6584780750000003
0.496525 0.6843410180000001
0.504842 0.6961464660000041
0.513158 0.6993956910000012
0.521475 0.721643279
0.529792 0.7366237920000036
0.538108 0.7455010100000017
0.546425 0.7655389120000015
0.554742 0.7728831919999998
0.563058 0.7850486300000006
0.571375 0.8029729340000004
0.579692 0.8081405850000005
0.588008 0.8166313220000007
0.596325 0.8299604550000007
0.604642 0.843214741000001
0.612958 0.8486597060000018
0.621275 0.8685076930000002
0.629592 0.8744876279999987
0.637908 0.8824851849999974
0.646225 0.886526271000001
0.654542 0.9003575030000028
0.662858 0.9045716100000012
0.671175 0.9193403160000012
0.679492 0.9181580880000012
0.687808 0.9315763110000004
0.696125 0.9392062639999998
0.704442 0.9454974209999975
0.712758 0.9538496949999983
0.721075 0.9622101370000017
0.729392 0.9685435410000021
0.737708 0.980328537000001
0.746025 0.9851023480000095
0.754342 0.9883567150000017
0.762658 1.0029806679999995
0.770975 1.0046028479999987
0.779292 1.0216571019999998
0.787608 1.0196966230000022
0.795925 1.0316459289999993
0.804242 1.0363125180000028
0.812558 1.0449692610000003
0.820875 1.0500792500000011
0.829192 1.0528048709999989
0.837508 1.0548228189999975
0.845825 1.0598860090000042
0.854142 1.0577771480000036
0.862458 1.0622136240000002
0.870775 1.0588255820000023
0.879092 1.0594269249999997
0.887408 1.0630739140000007
0.895725 1.0650220739999978
0.904042 1.051773636000001
0.912358 1.0531791129999997
0.920675 1.052093326000002
0.928992 1.051984925999999
0.937308 1.0511272220000012
0.945625 1.0449038540000004
0.953942 1.047352257
0.962258 1.0404598470000008
0.970575 1.0411497469999984
0.978892 1.040888888999999
0.987208 1.038822456000001
0.995525 1.0363835780000008
1.003842 1.0324627100000006
1.012158 1.0312319859999997
1.020475 1.024593933999999
1.028792 1.0285061880000002
1.037108 1.019409781
1.045425 1.0179402620000004
1.053742 1.016690916
1.062058 1.016364249999999
1.070375 1.015484859000006
1.078692 1.0131106000000023
1.087008 1.0102481300000001
1.095325 1.0118912350000004
1.103642 1.008950754999999
1.111958 1.0089725170000003
1.120275 1.0059668009999991
1.128592 1.006760968
1.136908 1.003495555000003
1.145225 1.0021588420000012
1.153542 1.0011881490000003
1.161858 1.0039260089999995
1.170175 1.0000401120000002
1.178492 0.9959650920000002
1.186808 0.9990081449999997
1.195125 0.9970998720000005
1.203442 0.9991934010000016
1.211758 0.9961838369999989
1.220075 0.9986466910000004
1.228392 0.9985423180000003
1.236708 0.9980207259999988
1.245025 0.999788371999999
1.253342 0.9989238570000001
1.261658 0.9946355139999988
1.269975 0.9951036499999987
1.278292 0.9962793250000014
1.286608 0.9970687480000023
1.294925 0.999588244000003
1.303242 0.995723623999999
1.311558 0.9988237070000001
1.319875 0.994263807000001
1.328192 0.9955765369999998
1.336508 0.9972097010000005
1.344825 1.0026432420000007
1.353142 0.9994357389999997
1.361458 0.9983922989999996
1.369775 0.9988787679999996
1.378092 0.9967550019999974
1.386408 0.9963521730000034
1.394725 0.9959483180000004
1.403042 0.9959218920000001
1.411358 0.9948348640000008
1.419675 0.9991514000000001
1.427992 0.9960131590000004
1.436308 0.9987245699999985
1.444625 1.0002540109999984
1.452942 0.9987581110000004
1.461258 0.9987528080000039
1.469575 1.0017490940000013
1.477892 0.9990171059999992
1.486208 0.9979931110000008
1.494525 0.9992665120000012
1.502842 1.003322319999998
1.511158 0.9963381300000002
1.519475 0.9987878960000003
1.527792 1.0047304820000003
1.536108 1.0008364190000008
1.544425 1.0006283550000012
1.552742 1.0013231080000025
1.561058 1.0008346109999993
1.569375 1.0022525379999963
1.577692 1.0019571100000004
1.586008 1.0003678840000012
1.594325 1.0032857799999988
1.602642 1.001050618
1.610958 1.0008822889999986
1.619275 1.0002061400000077
1.627592 1.0023559290000008
1.635908 1.000150769000002
1.644225 1.0025372769999994
1.652542 1.0012499040000011
1.660858 1.0026782139999983
1.669175 1.0029865960000004
1.677492 1.0027310839999992
1.685808 1.0007377810000002
1.694125 1.0001694930000002
1.702442 1.001314636
1.710758 1.000737254
1.719075 1.002695846
1.727392 1.0002881520000004
1.735708 1.0001188519999986
1.744025 1.0001540659999997
1.752342 1.0050074759999994
1.760658 0.9995229919999935
1.768975 1.0026233249999994
1.777292 1.0003850499999998
1.785608 0.9983618690000005
1.793925 1.000505867999998
1.802242 0.9998110300000009
1.810558 0.9997557690000011
1.818875 1.0013506640000007
1.827192 1.0003494300000093
1.835508 1.0028619520000002
1.843825 0.9998086559999991
1.852142 0.9994756379999981
1.860458 1.0016345849999986
1.868775 1.0007788340000006
1.877092 1.0000087169999994
1.885408 0.9964303279999988
1.893725 1.0003176860000011
1.902042 1.001129624999999
1.910358 1.0009816979999993
1.918675 1.0022514489999965
1.926992 1.0025255739999996
1.935308 0.9996125830000011
1.943625 1.0000050019999998
1.951942 1.0021705929999989
1.960258 1.0006879679999996
1.968575 0.998879861000001
1.976892 1.0018246859999997
1.985208 1.0023610469999997
1.993525 1.0014665969999996
2.001842 1.002624415000001
2.010158 1.0011064480000014
2.018475 1.001048976000002
2.026792 1.0002975209999985
2.035108 1.0013659629999982
2.043425 1.002987601
2.051742 1.0000060260000003
2.060058 1.0008661199999997
2.068375 0.9993964020000001
2.076692 1.0008550999999999
2.085008 1.0013522979999994
2.093325 1.0000395429999995
2.101642 1.0026022280000002
2.109958 1.0010602280000027
2.118275 1.0015083839999992
2.126592 0.9999739340000013
2.134908 1.0015709280000016
2.143225 1.0016513350000007
2.151542 1.0012647930000012
2.159858 1.0008846739999993
2.168175 1.000625615000001
2.176492 1.0018972860000002
2.184808 1.0018086350000004
2.193125 1.0008927030000008
2.201442 1.0013026760000008
2.209758 0.9999452670000013
2.218075 0.9989697390000002
2.226392 1.0033186229999997
2.234708 1.0028207829999998
2.243025 0.9999355129999998
2.251342 1.001459505
2.259658 1.001066642
2.267975 1.0005830559999997
2.276292 1.0012296080000012
2.284608 0.9986349430000001
2.292925 1.0008241089999979
2.301242 1.0004641349999999
2.309558 0.9986982360000006
2.317875 1.000164807
2.326192 0.9986275500000013
2.334508 1.0012088119999987
2.342825 1.0003758400000002
2.351142 0.9992081830000001
2.359458 1.0015934290000008
2.367775 1.000126886
2.376092 0.9994145099999997
2.384408 1.0000296060000005
2.392725 1.0009243980000007
2.401042 1.0008165040000017
2.409358 1.0030500280000005
2.417675 0.9992670289999993
2.425992 1.0005328789999988
2.434308 1.0004123300000007
2.442625 1.0008343640000013
2.450942 0.9990488280000003
2.459258 1.0017788939999988
2.467575 1.0004749640000006
2.475892 1.0000316550000012
2.484208 1.0007538889999998
2.492525 1.0014470870000014
2.500842 0.999897119999999
2.509158 1.0011761770000012
2.517475 1.002604384
2.525792 0.9989743280000005
2.534108 1.0000300189999998
2.542425 0.9977112249999995
2.550742 0.9999906639999998
2.559058 1.000160857
2.567375 1.0004448889999995
2.575692 1.0004445069999999
2.584008 1.0016520430000009
2.592325 1.000391557
2.600642 0.9997275910000003
2.608958 1.0009470229999993
2.617275 1.0015846589999997
2.625592 1.0003908010000007
2.633908 1.0004294749999998
2.642225 0.9997238099999997
2.650542 1.0006115909999995
2.658858 0.9993974869999985
2.667175 1.0013369989999996
2.675492 0.9996712409999993
2.683808 0.9993754269999994
2.692125 1.000778668
2.700442 1.0009169750000007
2.708758 0.999649725999997
2.717075 1.0007724910000002
2.725392 0.9987168739999995
2.733708 1.0000559469999997
2.742025 0.9986922949999997
2.750342 1.0006548439999994
2.758658 1.0007987209999998
2.766975 1.000552864
2.775292 1.0011690210000006
2.783608 1.0019741369999997
2.791925 1.0001594930000008
2.800242 1.0008928180000005
2.808558 1.0012542469999992
2.816875 0.9995771910000001
2.825192 0.9994166619999996
2.833508 1.0011098300000014
2.841825 1.000938417999999
2.850142 1.000958504
2.858458 1.00090391
2.866775 1.001719353999998
2.875092 1.0020184719999996
2.883408 1.001343757
2.891725 1.0018342310000004
2.900042 1.0020564539999985
2.908358 1.0013093219999998
2.916675 1.001069990999999
2.924992 1.0015114900000002
2.933308 1.0001987879999998
2.941625 1.001151733
2.949942 1.000505202
2.958258 1.0009457759999987
2.966575 1.0006606809999994
2.974892 1.0002259659999995
2.983208 1.0008407029999997
2.991525 1.0003245019999998
2.999842 0.999925637
3.008158 0.9995010279999993
3.016475 1.0004901640000012
3.024792 1.0005419230000003
3.033108 0.9990221450000005
3.041425 0.9996827730000009
3.049742 1.000640450000012
3.058058 1.0003645799999992
3.066375 0.9992524689999989
3.074692 1.0021013870000008
3.083008 1.0014298360000002
3.091325 0.9999618400000009
3.099642 0.9995443579999993
3.107958 1.0002668119999985
3.116275 1.0001756700000013
3.124592 0.9992292559999988
3.132908 1.000106390999999
3.141225 1.0012199300000006
3.149542 0.9989216429999993
3.157858 1.0000060710000014
3.166175 0.9993900159999989
3.174492 0.9996488480000009
3.182808 1.001318220000001
3.191125 0.9994566330000006
3.199442 1.0001070390000002
3.207758 1.0006011909999992
3.216075 1.0009673720000003
3.224392 1.0002374719999994
3.232708 0.998702796
3.241025 0.9994695900000006
3.249342 1.0002870659999998
3.257658 1.0000415840000016
3.265975 0.9992622639999991
3.274292 1.0003064680000002
3.282608 1.0005365619999997
3.290925 0.9993865449999999
3.299242 0.9994502089999993
3.307558 1.0003812930000004
3.315875 1.0001902790000012
3.324192 1.0008921830000004
3.332508 1.0003333809999986
3.340825 1.001310314000003
3.349142 1.000253987
3.357458 0.9986298689999992
3.365775 1.0005626110000005
3.374092 1.0015252120000007
3.382408 0.9998122259999978
3.390725 0.9993331669999996
3.399042 1.0001208070000014
3.407358 1.0000423090000001
3.415675 1.001528938
3.423992 1.0007595779999994
3.432308 1.0004104539999998
3.440625 1.00020657600001
3.448942 1.00054219
3.457258 0.9998067440000001
3.465575 0.9998109429999998
3.473892 0.9989707299999993
3.482208 1.0001133299999998
3.490525 0.9998768739999986
3.498842 1.0011795629999996
3.507158 1.0004043569999992
3.515475 1.0005434450000006
3.523792 1.0013212790000003
3.532108 1.0008891869999994
3.540425 0.9981905120000004
3.548742 1.0015593310000004
3.557058 1.0011498460000008
3.565375 1.000024700999999
3.573692 1.000531054999999
3.582008 1.0001434920000005
3.590325 1.0010038749999985
3.598642 0.9987760480000014
3.606958 1.0005605130000004
3.615275 1.0016804869999993
3.623592 0.9999102619999994
3.631908 1.001522129
3.640225 0.9995624169999997
3.648542 1.0011435090000007
3.656858 1.0007721799999996
3.665175 1.0012071579999997
3.673492 1.001075642999999
3.681808 1.0004475519999991
3.690125 1.0013686969999995
3.698442 1.001531511
3.706758 1.0004519450000005
3.715075 0.9990954140000003
3.723392 1.0004036610000018
3.731708 1.001865466
3.740025 1.0011898700000001
3.748342 1.0017612200000001
3.756658 1.0013121389999984
3.764975 1.0027982809999998
3.773292 1.000854642000001
3.781608 1.0013278700000003
3.789925 1.0004951799999997
3.798242 1.0005003570000002
3.806558 1.0009001929999992
3.814875 0.9999855799999998
3.823192 1.0002878570000011
3.831508 1.0008057810000013
3.839825 0.9996218939999989
3.848142 1.0012118939999992
3.856458 0.9999513780000014
3.864775 1.0013207079999988
3.873092 1.0014439499999999
3.881408 0.9999851839999992
3.889725 1.000945489
3.898042 1.0013902630000002
3.906358 1.000700095999999
3.914675 1.0006400230000019
3.922992 1.0004068620000002
3.931308 0.9991919789999991
3.939625 0.9993336730000012
3.947942 0.999292996
3.956258 1.0007165459999994
3.964575 1.000294319999998
3.972892 1.000474242999999
3.981208 1.0001378430000003
3.989525 1.0004167040000016
3.997842 0.9995167649999995
4.006158 0.9998824590000002
4.014475 1.0015125499999988
4.022792 1.0002047260000004
4.031108 0.9996505200000014
4.039425 1.0002068130000012
4.047742 0.9994548150000006
4.056058 0.9985394819999996
4.064375 1.0000719370000006
4.072692 0.9998936760000003
4.081008 1.000300395
4.089325 0.9995510080000012
4.097642 1.0005948910000018
4.105958 1.0006249119999993
4.114275 1.0001459170000007
4.122592 1.0003516470000007
4.130908 0.9992242800000001
4.139225 0.9998817249999999
4.147542 1.0006469280000012
4.155858 1.0004517220000004
4.164175 1.0004516250000006
4.172492 1.0000727300000003
4.180808 1.0013569799999993
4.189125 1.0002830709999981
4.197442 1.000596062999999
4.205758 1.0003788920000007
4.214075 1.0001774820000036
4.222392 1.0010437799999994
4.230708 1.0008595940000011
4.239025 0.9998556790000008
4.247342 1.000119518
4.255658 1.0004381709999985
4.263975 1.0002406790000014
4.272292 0.9997579779999998
4.280608 1.000530743000001
4.288925 1.000692938000001
4.297242 1.0008416059999996
4.305558 1.000415440000001
4.313875 1.0019265109999898
4.322192 1.0000880970000006
4.330508 1.0002379150000003
4.338825 1.000991657
4.347142 1.000444576
4.355458 1.0006844439999998
4.363775 1.0002660880000007
4.372092 1.0011722990000003
4.380408 1.0007664910000005
4.388725 1.000272242
4.397042 0.9993557260000002
4.405358 0.9998159019999998
4.413675 1.0005436709999995
4.421992 0.9997357550000004
4.430308 1.0008819560000004
4.438625 1.001152669
4.446942 1.0008633909999995
4.455258 1.0008077050000008
4.463575 1.000555053
4.471892 1.0006243030000006
4.480208 1.0010414019999998
4.488525 1.000213581999999
4.496842 1.0009782209999993
4.505158 1.0000361540000011
4.513475 1.0006759759999984
4.521792 1.000840327999998
4.530108 1.0009489889999994
4.538425 1.0006851709999989
4.546742 1.000495726000001
4.555058 1.0007427120000019
4.563375 1.0011612050000003
4.571692 1.0010747940000022
4.580008 1.0000965349999982
4.588325 1.0006006310000004
4.596642 1.0004128739999998
4.604958 1.0003983339999993
4.613275 1.000780756
4.621592 1.0005713859999998
4.629908 1.0010965
4.638225 1.0011035820000012
4.646542 1.0009963770000008
4.654858 1.001161509
4.663175 0.9999788179999985
4.671492 1.0005990920000005
4.679808 1.000440712
4.688125 1.000029575999999
4.696442 1.0001239330000002
4.704758 1.0009846899999997
4.713075 1.0000923800000001
4.721392 1.0001695380000004
4.729708 1.000102837000001
4.738025 1.0009912380000008
4.746342 1.0007651600000003
4.754658 1.0005220449999996
4.762975 1.0018978630000002
4.771292 0.9999804760000005
4.779608 1.0005669289999992
4.787925 1.0007882300000015
4.796242 1.0001016079999991
4.804558 1.0008642679999997
4.812875 1.0000526909999998
4.821192 1.0008609410000004
4.829508 1.0006198539999989
4.837825 1.001123153
4.846142 1.0010013720000013
4.854458 0.9999802060000027
4.862775 1.0002484730000014
4.871092 1.0006595619999998
4.879408 0.9998929020000011
4.887725 0.9991413449999983
4.896042 1.0004728569999997
4.904358 1.0001493430000001
4.912675 1.0000161330000008
4.920992 0.9994735380000007
4.929308 1.0000467290000008
4.937625 1.0011400190000006
4.945942 1.0006051269999996
4.954258 1.000630582
4.962575 1.001207636
4.970892 0.9996657680000007
4.979208 1.000620812000001
4.987525 1.0009397510000015
4.995842 1.00066383
