# r rdf(r)  n_part=9636 rho_ions=4.817712 rho_solvent=0 d0=0.4 d1=0.4 d=0.4 eps=10000 type=01 avg_count=1999 rs=3.682555988600138 ldy=0.10862020869153256 box_l=10 lbj=0.7 volume_fraction=0.32288615736130344
0.014158 0.0
0.022475 0.0
0.030792 0.0
0.039108 0.0
0.047425 0.0
0.055742 0.0
0.064058 0.0
0.072375 0.0
0.080692 0.0
0.089008 0.0
0.097325 0.0
0.105642 0.0
0.113958 0.0
0.122275 0.0
0.130592 0.0
0.138908 0.0
0.147225 0.0
0.155542 0.0
0.163858 0.0
0.172175 0.0
0.180492 0.0
0.188808 0.0
0.197125 0.0
0.205442 0.0
0.213758 0.0
0.222075 0.0
0.230392 0.0
0.238708 0.0
0.247025 0.0
0.255342 0.0
0.263658 0.0
0.271975 0.0
0.280292 0.0
0.288608 0.0
0.296925 0.0
0.305242 0.0
0.313558 0.0
0.321875 0.0
0.330192 0.0
0.338508 0.0
0.346825 0.0
0.355142 0.0
0.363458 0.0
0.371775 0.0
0.380092 0.0
0.388408 0.0
0.396725 0.6755793244999999
0.405042 3.5679545615000015
0.413358 3.262166702
0.421675 2.991560764500003
0.429992 2.7518636225000006
0.438308 2.5372575874999996
0.446625 2.347978936500003
0.454942 2.179654140999999
0.463258 2.0273087355
0.471575 1.8926243575000006
0.479892 1.7712548729999984
0.488208 1.6625593620000005
0.496525 1.5638071709999957
0.504842 1.4773300435000005
0.513158 1.3955692499999992
0.521475 1.3242175529999975
0.529792 1.2620127065
0.538108 1.2008237570000007
0.546425 1.1508401125000014
0.554742 1.104215770000002
0.563058 1.062329600499999
0.571375 1.0238919755000002
0.579692 0.9912081885000013
0.588008 0.9608377085000043
0.596325 0.9351487300000032
0.604642 0.9126296185000021
0.612958 0.8928598824999984
0.621275 0.8760470465000068
0.629592 0.8602324795000018
0.637908 0.8480152190000023
0.646225 0.8392051274999996
0.654542 0.8312295065000045
0.662858 0.8255310374999973
0.671175 0.8219392200000024
0.679492 0.8214392304999988
0.687808 0.8233855960000024
0.696125 0.8278077710000002
0.704442 0.832814510500003
0.712758 0.8392256160000001
0.721075 0.8473075074999987
0.729392 0.8593484170000018
0.737708 0.8700871800000015
0.746025 0.8832686219999994
0.754342 0.8990295330000013
0.762658 0.9134403405000008
0.770975 0.9307420369999988
0.779292 0.9475446579999973
0.787608 0.966437881499999
0.795925 0.9857356204999979
0.804242 1.0057312845000024
0.812558 1.0210307
0.820875 1.0318294465000004
0.829192 1.0408829119999992
0.837508 1.0470978964999973
0.845825 1.050375621999998
0.854142 1.0524135009999998
0.862458 1.0521805605000016
0.870775 1.050368120500001
0.879092 1.0481524034999972
0.887408 1.045520496999999
0.895725 1.0405238214999988
0.904042 1.036978208
0.912358 1.031503884500005
0.920675 1.0269516855000012
0.928992 1.0214859759999981
0.937308 1.0164314334999989
0.945625 1.0110388890000006
0.953942 1.0068354824999992
0.962258 1.001074099499999
0.970575 0.9971633924999995
0.978892 0.9932493079999981
0.987208 0.9888832669999997
0.995525 0.9859908045000003
1.003842 0.9829203825000025
1.012158 0.9794097480000007
1.020475 0.9778592520000015
1.028792 0.9753226749999987
1.037108 0.9750231330000001
1.045425 0.9739901604999984
1.053742 0.9739434389999985
1.062058 0.9735345915000011
1.070375 0.9742239384999966
1.078692 0.9741548639999983
1.087008 0.9760007545000015
1.095325 0.9782455690000014
1.103642 0.9805075870000006
1.111958 0.9823370199999995
1.120275 0.983898676999999
1.128592 0.9873955820000008
1.136908 0.9900739029999966
1.145225 0.9926859319999984
1.153542 0.9954633429999997
1.161858 0.9979361454999974
1.170175 1.0010471600000015
1.178492 1.0036970505000007
1.186808 1.0058882374999882
1.195125 1.009189933999999
1.203442 1.0114995805000007
1.211758 1.0129311844999995
1.220075 1.0136811994999977
1.228392 1.0154598309999987
1.236708 1.0160969235000006
1.245025 1.0168955489999987
1.253342 1.0170773900000034
1.261658 1.016863489000003
1.269975 1.0169008185000021
1.278292 1.015666612499999
1.286608 1.0152797819999995
1.294925 1.0144387869999942
1.303242 1.0133779910000018
1.311558 1.0117427294999992
1.319875 1.01106671
1.328192 1.0104636115000012
1.336508 1.0080925759999984
1.344825 1.0069621695000008
1.353142 1.004721508499985
1.361458 1.0042306794999998
1.369775 1.0031724525000014
1.378092 1.001223532000001
1.386408 1.000231784500002
1.394725 0.9989245750000026
1.403042 0.9981626994999993
1.411358 0.9972451655000006
1.419675 0.9964255734999997
1.427992 0.9955928395000003
1.436308 0.9949941510000014
1.444625 0.9949431565000009
1.452942 0.9942654835000018
1.461258 0.9940801370000021
1.469575 0.9939743254999998
1.477892 0.9940415695000001
1.486208 0.9940163324999985
1.494525 0.9939291540000007
1.502842 0.9941374369999998
1.511158 0.9947242615
1.519475 0.9953154184999984
1.527792 0.9954239115000009
1.536108 0.9959973299999998
1.544425 0.9957613679999956
1.552742 0.9966359149999992
1.561058 0.9977940510000007
1.569375 0.997819677500002
1.577692 0.9987912139999993
1.586008 0.9996828784999956
1.594325 0.9996315379999993
1.602642 1.0000425720000001
1.610958 1.0004816755000006
1.619275 1.0009246735000006
1.627592 1.0014811774999999
1.635908 1.0016252004999984
1.644225 1.0017591334999973
1.652542 1.0016701315000027
1.660858 1.0018099455000011
1.669175 1.0019542789999991
1.677492 1.0019599920000015
1.685808 1.0021819785000006
1.694125 1.0019044425000017
1.702442 1.0019726759999994
1.710758 1.0013010490000012
1.719075 1.0014740910000004
1.727392 1.0020037040000003
1.735708 1.001034740500002
1.744025 1.0012446634999994
1.752342 1.0008120679999974
1.760658 1.0004077825000002
1.768975 0.9997810905000022
1.777292 1.0001017349999985
1.785608 1.000020075500001
1.793925 1.0002481465000002
1.802242 0.9995890865000019
1.810558 0.9991656950000002
1.818875 0.9991276464999997
1.827192 0.9989078589999996
1.835508 0.998993617
1.843825 0.9989336320000025
1.852142 0.9986448434999995
1.860458 0.9989087770000006
1.868775 0.9988630870000013
1.877092 0.9985944950000032
1.885408 0.9993135760000007
1.893725 0.998816952499999
1.902042 0.9987064545000006
1.910358 0.999189099999999
1.918675 0.9994489395000009
1.926992 0.9992043899999998
1.935308 0.9992184510000004
1.943625 0.9996046510000013
1.951942 0.9998137974999998
1.960258 0.9999550089999988
1.968575 1.0001403654999892
1.976892 1.0002871589999998
1.985208 1.0001255100000002
1.993525 1.0002428385000002
2.001842 1.0002335025
2.010158 1.000594893499999
2.018475 1.000461405000002
2.026792 1.0006552355000002
2.035108 1.000660027500001
2.043425 1.0005656454999998
2.051742 1.0007542244999996
2.060058 1.0009837745
2.068375 1.0003576065000002
2.076692 1.00038597
2.085008 1.0004961554999985
2.093325 1.0001859235000028
2.101642 1.0002407804999998
2.109958 1.000746856499999
2.118275 1.0004605624999985
2.126592 1.0006063839999972
2.134908 1.0003091595000007
2.143225 1.0001065654999988
2.151542 1.0001181934999999
2.159858 0.9998188235000021
2.168175 1.000124151
2.176492 0.999971577500001
2.184808 0.9999313034999976
2.193125 1.000255091999999
2.201442 0.9998082949999979
2.209758 1.0002589884999986
2.218075 1.0001028720000007
2.226392 1.0000869169999995
2.234708 1.000001673
2.243025 1.0001485219999995
2.251342 0.9996936404999992
2.259658 0.9996866034999998
2.267975 0.9999599244999987
2.276292 1.0002657354999998
2.284608 0.9994128779999994
2.292925 0.9999806274999997
2.301242 0.9998179019999995
2.309558 0.9997617639999994
2.317875 0.9998694119999997
2.326192 0.999672271999999
2.334508 0.9999155825000019
2.342825 0.9997394750000017
2.351142 0.9995936009999999
2.359458 0.9996307014999971
2.367775 0.9995168975000015
2.376092 0.9995611964999985
2.384408 0.9996750699999987
2.392725 0.9998934965000004
2.401042 1.0001175480000009
2.409358 1.0000214924999988
2.417675 0.9999440059999987
2.425992 1.0001658455000022
2.434308 1.0002458575000004
2.442625 1.0001366514999999
2.450942 0.9999611765
2.459258 1.000067225
2.467575 0.9999665399999988
2.475892 1.0000553784999997
2.484208 1.0000007339999992
2.492525 1.0001109019999985
2.500842 1.0001709070000002
2.509158 1.000175937499997
2.517475 1.000187225000003
2.525792 1.0000517625000012
2.534108 0.9998712494999997
2.542425 0.9998966149999992
2.550742 0.9999644265000005
2.559058 1.0003670915000022
2.567375 1.0000781435000003
2.575692 1.0003241495000001
2.584008 1.000145776000001
2.592325 0.9999749299999999
2.600642 1.000135962499999
2.608958 1.0003381230000006
2.617275 1.0000902369999984
2.625592 0.9998870445000002
2.633908 1.0003098219999997
2.642225 0.999964188000001
2.650542 0.9998709234999997
2.658858 1.0002564439999992
2.667175 0.9997633325000013
2.675492 0.9997794605000012
2.683808 0.9995194579999985
2.692125 0.9999092599999994
2.700442 1.0001651655000015
2.708758 1.0000537725000016
2.717075 1.0000586410000003
2.725392 0.9996876365000028
2.733708 1.0001225829999971
2.742025 0.9998647724999999
2.750342 0.9999378419999997
2.758658 1.0002005659999984
2.766975 0.9997856359999956
2.775292 0.9997575574999996
2.783608 1.0001336729999983
2.791925 0.9999650410000006
2.800242 0.999661938
2.808558 0.9997593704999991
2.816875 1.0002131419999996
2.825192 1.0000247090000005
2.833508 0.9997849350000019
2.841825 1.0000243580000017
2.850142 1.000162523000001
2.858458 0.999976717499998
2.866775 1.0001084645000005
2.875092 0.9998364269999986
2.883408 0.9998812154999984
2.891725 0.9999326439999998
2.900042 1.0000479325000002
2.908358 1.0000145789999988
2.916675 1.0001039845000013
2.924992 1.0000855770000008
2.933308 1.0003794619999997
2.941625 0.9999837189999989
2.949942 0.9998592885000024
2.958258 1.0000518154999993
2.966575 0.9999674184999999
2.974892 0.9999729350000005
2.983208 0.9998367295000008
2.991525 0.9999001285000002
2.999842 0.9997036569999991
3.008158 1.0000296454999988
3.016475 0.9999206715000002
3.024792 1.000053734500002
3.033108 0.9999383160000006
3.041425 0.9997881379999977
3.049742 0.9997393995000008
3.058058 0.9998598914999991
3.066375 0.9997566339999983
3.074692 0.9997947649999975
3.083008 0.9997359135000013
3.091325 0.9999990630000013
3.099642 1.0000813835000009
3.107958 1.0000257545
3.116275 1.0002156839999998
3.124592 1.000081860500001
3.132908 0.9997833725000002
3.141225 0.9999072939999981
3.149542 1.0000148105000022
3.157858 0.999951566000001
3.166175 0.9999902510000004
3.174492 1.0000665000000013
3.182808 0.9999791629999999
3.191125 1.0002984625
3.199442 1.0000379164999984
3.207758 0.9999436194999998
3.216075 0.9998267620000001
3.224392 1.0001045780000017
3.232708 1.000286698499998
3.241025 0.9998992105000007
3.249342 0.9998743349999983
3.257658 1.000188024500001
3.265975 0.9997442399999992
3.274292 0.9999612430000007
3.282608 0.9999666654999977
3.290925 1.0001210029999996
3.299242 0.9999280460000015
3.307558 0.9998789380000004
3.315875 1.000063090999999
3.324192 1.0002347334999995
3.332508 1.000241085
3.340825 1.0001618354999986
3.349142 1.0001518960000009
3.357458 1.0000023059999998
3.365775 1.0001312239999982
3.374092 1.0003496369999998
3.382408 0.9998830760000006
3.390725 1.0001500265000012
3.399042 1.0002632074999993
3.407358 1.0002909185000008
3.415675 1.0001795149999997
3.423992 1.0001150349999997
3.432308 0.9997418790000013
3.440625 1.0000653644999984
3.448942 0.9999386700000015
3.457258 0.9997772375000005
3.465575 0.9998851740000001
3.473892 0.9999621035000016
3.482208 0.9999599699999987
3.490525 0.9998521565000009
3.498842 0.9997121405000002
3.507158 0.9999091705000003
3.515475 0.9998327440000006
3.523792 1.0002043395
3.532108 1.000074773
3.540425 1.0000869925000004
3.548742 0.9999440650000001
3.557058 0.9999182784999994
3.565375 0.9999065355000071
3.573692 0.9998619874999997
3.582008 1.000215698
3.590325 0.9997848610000004
3.598642 0.9999396925000019
3.606958 0.9998883464999996
3.615275 0.9998598794999995
3.623592 0.9999247030000021
3.631908 0.9997143240000007
3.640225 1.000036360000001
3.648542 0.9997933715000004
3.656858 0.9998294434999996
3.665175 0.9999642630000068
3.673492 0.9999703315000008
3.681808 1.0000463689999994
3.690125 0.9998893265000008
3.698442 0.9999054884999999
3.706758 0.9998509799999983
3.715075 1.0001661009999996
3.723392 1.0000484119999993
3.731708 1.0002345264999992
3.740025 1.0000125359999987
3.748342 0.9999260719999984
3.756658 1.0002729920000015
3.764975 1.0001153234999998
3.773292 1.0001423709999995
3.781608 1.0000757570000005
3.789925 1.0002160469999986
3.798242 0.9998730044999993
3.806558 1.0000311689999986
3.814875 0.9999116440000005
3.823192 0.9999962569999967
3.831508 1.0001043185000005
3.839825 1.0001356844999993
3.848142 0.9999793310000005
3.856458 1.0001001650000003
3.864775 1.0000559740000008
3.873092 0.999909573
3.881408 1.0000751874999987
3.889725 0.9998919024999989
3.898042 1.0000402184999992
3.906358 0.9997995764999976
3.914675 1.000046621
3.922992 0.999945602
3.931308 0.9999376390000008
3.939625 1.0000968224999993
3.947942 1.0000953635000003
3.956258 0.9999570175000002
3.964575 1.0000829864999996
3.972892 0.9998727034999982
3.981208 0.9999478675000016
3.989525 0.9999925245000012
3.997842 0.9998322005000001
4.006158 0.9999503204999989
4.014475 1.0000607549999976
4.022792 0.9998590524999981
4.031108 0.9999734779999997
4.039425 1.0001155985000008
4.047742 0.999879301499999
4.056058 0.9998888329999996
4.064375 0.9998968589999997
4.072692 0.9998810920000034
4.081008 0.9998937625000021
4.089325 0.9999171804999989
4.097642 1.0002312860000016
4.105958 1.0003237914999996
4.114275 0.9999457770000003
4.122592 0.9999912675000002
4.130908 0.9999880364999999
4.139225 1.0001214675
4.147542 1.0000122754999998
4.155858 0.9999774110000006
4.164175 0.9998761920000009
4.172492 0.9998874249999994
4.180808 0.9998056699999985
4.189125 0.9998461784999998
4.197442 1.0000110249999998
4.205758 1.0001791740000048
4.214075 1.0000096660000004
4.222392 0.9999959069999994
4.230708 0.9999686979999999
4.239025 1.000005922999999
4.247342 0.9998133989999988
4.255658 0.9999865560000012
4.263975 0.9999152065000017
4.272292 1.0001167025000004
4.280608 0.9999794789999942
4.288925 1.000183427000001
4.297242 0.9999685950000006
4.305558 1.0000654145000012
4.313875 0.9998510630000006
4.322192 0.9999060614999987
4.330508 0.9999364030000015
4.338825 1.0000016629999997
4.347142 0.9999865465000004
4.355458 0.9999899749999982
4.363775 0.9998611029999992
4.372092 0.9999695040000002
4.380408 0.9999871220000002
4.388725 1.000099222
4.397042 0.9999764860000011
4.405358 0.9999558699999986
4.413675 0.9998711355000008
4.421992 1.0001074695000007
4.430308 1.0000793810000008
4.438625 0.9998998224999976
4.446942 0.9999451345000023
4.455258 0.9998537999999987
4.463575 1.0000525410000007
4.471892 0.9999509400000017
4.480208 1.000039302500001
4.488525 0.9999867069999985
4.496842 1.0000550604999991
4.505158 0.9999565489999998
4.513475 1.0000017759999982
4.521792 1.0000453565000003
4.530108 0.999932467000001
4.538425 0.9999410869999988
4.546742 1.0000592640000003
4.555058 1.0000185400000008
4.563375 1.000083762499999
4.571692 1.0000349270000004
4.580008 0.9999549174999991
4.588325 0.9999571169999999
4.596642 0.9999034569999989
4.604958 0.9999007680000006
4.613275 1.000048795000001
4.621592 1.0000648524999987
4.629908 0.9999678864999999
4.638225 0.9996956240000004
4.646542 1.0000303855000006
4.654858 0.9999580644999996
4.663175 0.9998122229999995
4.671492 0.999959771000001
4.679808 1.0001100849999993
4.688125 0.9999843450000018
4.696442 0.9999891120000027
4.704758 1.0000766784999993
4.713075 0.9998998365
4.721392 0.9999897920000012
4.729708 0.9998892964999977
4.738025 0.9999021149999997
4.746342 0.9999532059999996
4.754658 0.9999729284999984
4.762975 1.000166852999998
4.771292 0.9999743500000019
4.779608 0.9998896480000012
4.787925 1.0000441985000015
4.796242 1.0000074449999996
4.804558 0.9999730134999991
4.812875 0.9999448054999988
4.821192 0.9998535900000001
4.829508 1.0001136179999985
4.837825 1.000139918500003
4.846142 1.0001511575000015
4.854458 1.0000790520000016
4.862775 1.0002723450000006
4.871092 1.0000227880000034
4.879408 0.9999742409999999
4.887725 0.9999801114999992
4.896042 1.0000211100000007
4.904358 1.0000381964999983
4.912675 1.0000153560000014
4.920992 0.9999859730000001
4.929308 1.0000649135000013
4.937625 0.9999937955000033
4.945942 0.9999558725000014
4.954258 1.0000243215000009
4.962575 0.9998902030000022
4.970892 1.000120899500001
4.979208 1.0003283689999984
4.987525 1.0000561769999998
4.995842 1.0001002705000006
